1	0.100	-70.000	
1	0.200	-70.000	
1	0.300	-70.000	
1	0.400	-70.000	
1	0.500	-70.000	
1	0.600	-70.000	
1	0.700	-70.000	
1	0.800	-70.000	
1	0.900	-70.000	
1	1.000	-70.000	
2	0.100	-70.000	
2	0.200	-70.000	
2	0.300	-70.000	
2	0.400	-70.000	
2	0.500	-70.000	
2	0.600	-70.000	
2	0.700	-70.000	
2	0.800	-70.000	
2	0.900	-70.000	
2	1.000	-70.000	
3	0.100	-70.000	
3	0.200	-70.000	
3	0.300	-70.000	
3	0.400	-70.000	
3	0.500	-70.000	
3	0.600	-70.000	
3	0.700	-70.000	
3	0.800	-70.000	
3	0.900	-70.000	
3	1.000	-70.000	
4	0.100	-70.000	
4	0.200	-70.000	
4	0.300	-70.000	
4	0.400	-70.000	
4	0.500	-70.000	
4	0.600	-70.000	
4	0.700	-70.000	
4	0.800	-70.000	
4	0.900	-70.000	
4	1.000	-70.000	
5	0.100	-70.000	
5	0.200	-70.000	
5	0.300	-70.000	
5	0.400	-70.000	
5	0.500	-70.000	
5	0.600	-70.000	
5	0.700	-70.000	
5	0.800	-70.000	
5	0.900	-70.000	
5	1.000	-70.000	
1	1.100	-70.000	
1	1.200	-70.000	
1	1.300	-70.000	
1	1.400	-70.000	
1	1.500	-70.000	
1	1.600	-70.000	
1	1.700	-70.000	
1	1.800	-70.000	
1	1.900	-70.000	
1	2.000	-70.000	
2	1.100	-70.000	
2	1.200	-70.000	
2	1.300	-70.000	
2	1.400	-70.000	
2	1.500	-70.000	
2	1.600	-70.000	
2	1.700	-70.000	
2	1.800	-70.000	
2	1.900	-70.000	
2	2.000	-70.000	
3	1.100	-70.000	
3	1.200	-70.000	
3	1.300	-70.000	
3	1.400	-70.000	
3	1.500	-70.000	
3	1.600	-70.000	
3	1.700	-70.000	
3	1.800	-70.000	
3	1.900	-70.000	
3	2.000	-70.000	
4	1.100	-70.000	
4	1.200	-70.000	
4	1.300	-70.000	
4	1.400	-70.000	
4	1.500	-70.000	
4	1.600	-70.000	
4	1.700	-70.000	
4	1.800	-70.000	
4	1.900	-70.000	
4	2.000	-70.000	
5	1.100	-70.000	
5	1.200	-70.000	
5	1.300	-70.000	
5	1.400	-70.000	
5	1.500	-70.000	
5	1.600	-70.000	
5	1.700	-70.000	
5	1.800	-70.000	
5	1.900	-70.000	
5	2.000	-70.000	
1	2.100	-70.000	
1	2.200	-70.000	
1	2.300	-70.000	
1	2.400	-70.000	
1	2.500	-70.000	
1	2.600	-70.000	
1	2.700	-70.000	
1	2.800	-70.000	
1	2.900	-70.000	
1	3.000	-70.000	
2	2.100	-70.000	
2	2.200	-70.000	
2	2.300	-70.000	
2	2.400	-70.000	
2	2.500	-70.000	
2	2.600	-70.000	
2	2.700	-70.000	
2	2.800	-70.000	
2	2.900	-70.000	
2	3.000	-70.000	
3	2.100	-70.000	
3	2.200	-70.000	
3	2.300	-70.000	
3	2.400	-70.000	
3	2.500	-70.000	
3	2.600	-70.000	
3	2.700	-70.000	
3	2.800	-70.000	
3	2.900	-70.000	
3	3.000	-70.000	
4	2.100	-70.000	
4	2.200	-70.000	
4	2.300	-70.000	
4	2.400	-70.000	
4	2.500	-70.000	
4	2.600	-70.000	
4	2.700	-70.000	
4	2.800	-70.000	
4	2.900	-70.000	
4	3.000	-70.000	
5	2.100	-70.000	
5	2.200	-70.000	
5	2.300	-70.000	
5	2.400	-70.000	
5	2.500	-70.000	
5	2.600	-70.000	
5	2.700	-70.000	
5	2.800	-70.000	
5	2.900	-70.000	
5	3.000	-70.000	
1	3.100	-70.000	
1	3.200	-70.000	
1	3.300	-70.000	
1	3.400	-70.000	
1	3.500	-70.000	
1	3.600	-70.000	
1	3.700	-70.000	
1	3.800	-70.000	
1	3.900	-70.000	
1	4.000	-70.000	
2	3.100	-70.000	
2	3.200	-70.000	
2	3.300	-70.000	
2	3.400	-70.000	
2	3.500	-70.000	
2	3.600	-70.000	
2	3.700	-70.000	
2	3.800	-70.000	
2	3.900	-70.000	
2	4.000	-70.000	
3	3.100	-70.000	
3	3.200	-70.000	
3	3.300	-70.000	
3	3.400	-70.000	
3	3.500	-70.000	
3	3.600	-70.000	
3	3.700	-70.000	
3	3.800	-70.000	
3	3.900	-70.000	
3	4.000	-70.000	
4	3.100	-70.000	
4	3.200	-70.000	
4	3.300	-70.000	
4	3.400	-70.000	
4	3.500	-70.000	
4	3.600	-70.000	
4	3.700	-70.000	
4	3.800	-70.000	
4	3.900	-70.000	
4	4.000	-70.000	
5	3.100	-70.000	
5	3.200	-70.000	
5	3.300	-70.000	
5	3.400	-70.000	
5	3.500	-70.000	
5	3.600	-70.000	
5	3.700	-70.000	
5	3.800	-70.000	
5	3.900	-70.000	
5	4.000	-70.000	
1	4.100	-70.000	
1	4.200	-70.000	
1	4.300	-70.000	
1	4.400	-70.000	
1	4.500	-70.000	
1	4.600	-70.000	
1	4.700	-70.000	
1	4.800	-70.000	
1	4.900	-70.000	
1	5.000	-70.000	
2	4.100	-70.000	
2	4.200	-70.000	
2	4.300	-70.000	
2	4.400	-70.000	
2	4.500	-70.000	
2	4.600	-70.000	
2	4.700	-70.000	
2	4.800	-70.000	
2	4.900	-70.000	
2	5.000	-70.000	
3	4.100	-70.000	
3	4.200	-70.000	
3	4.300	-70.000	
3	4.400	-70.000	
3	4.500	-70.000	
3	4.600	-70.000	
3	4.700	-70.000	
3	4.800	-70.000	
3	4.900	-70.000	
3	5.000	-70.000	
4	4.100	-70.000	
4	4.200	-70.000	
4	4.300	-70.000	
4	4.400	-70.000	
4	4.500	-70.000	
4	4.600	-70.000	
4	4.700	-70.000	
4	4.800	-70.000	
4	4.900	-70.000	
4	5.000	-70.000	
5	4.100	-70.000	
5	4.200	-70.000	
5	4.300	-70.000	
5	4.400	-70.000	
5	4.500	-70.000	
5	4.600	-70.000	
5	4.700	-70.000	
5	4.800	-70.000	
5	4.900	-70.000	
5	5.000	-70.000	
1	5.100	-70.000	
1	5.200	-70.000	
1	5.300	-70.000	
1	5.400	-70.000	
1	5.500	-70.000	
1	5.600	-70.000	
1	5.700	-70.000	
1	5.800	-70.000	
1	5.900	-70.000	
1	6.000	-70.000	
2	5.100	-70.000	
2	5.200	-70.000	
2	5.300	-70.000	
2	5.400	-70.000	
2	5.500	-70.000	
2	5.600	-70.000	
2	5.700	-70.000	
2	5.800	-70.000	
2	5.900	-70.000	
2	6.000	-70.000	
3	5.100	-70.000	
3	5.200	-70.000	
3	5.300	-70.000	
3	5.400	-70.000	
3	5.500	-70.000	
3	5.600	-70.000	
3	5.700	-70.000	
3	5.800	-70.000	
3	5.900	-70.000	
3	6.000	-70.000	
4	5.100	-70.000	
4	5.200	-70.000	
4	5.300	-70.000	
4	5.400	-70.000	
4	5.500	-70.000	
4	5.600	-70.000	
4	5.700	-70.000	
4	5.800	-70.000	
4	5.900	-70.000	
4	6.000	-70.000	
5	5.100	-70.000	
5	5.200	-70.000	
5	5.300	-70.000	
5	5.400	-70.000	
5	5.500	-70.000	
5	5.600	-70.000	
5	5.700	-70.000	
5	5.800	-70.000	
5	5.900	-70.000	
5	6.000	-70.000	
1	6.100	-70.000	
1	6.200	-70.000	
1	6.300	-70.000	
1	6.400	-70.000	
1	6.500	-70.000	
1	6.600	-70.000	
1	6.700	-70.000	
1	6.800	-70.000	
1	6.900	-70.000	
1	7.000	-70.000	
2	6.100	-70.000	
2	6.200	-70.000	
2	6.300	-70.000	
2	6.400	-70.000	
2	6.500	-70.000	
2	6.600	-70.000	
2	6.700	-70.000	
2	6.800	-70.000	
2	6.900	-70.000	
2	7.000	-70.000	
3	6.100	-70.000	
3	6.200	-70.000	
3	6.300	-70.000	
3	6.400	-70.000	
3	6.500	-70.000	
3	6.600	-70.000	
3	6.700	-70.000	
3	6.800	-70.000	
3	6.900	-70.000	
3	7.000	-70.000	
4	6.100	-70.000	
4	6.200	-70.000	
4	6.300	-70.000	
4	6.400	-70.000	
4	6.500	-70.000	
4	6.600	-70.000	
4	6.700	-70.000	
4	6.800	-70.000	
4	6.900	-70.000	
4	7.000	-70.000	
5	6.100	-70.000	
5	6.200	-70.000	
5	6.300	-70.000	
5	6.400	-70.000	
5	6.500	-70.000	
5	6.600	-70.000	
5	6.700	-70.000	
5	6.800	-70.000	
5	6.900	-70.000	
5	7.000	-70.000	
1	7.100	-70.000	
1	7.200	-70.000	
1	7.300	-70.000	
1	7.400	-70.000	
1	7.500	-70.000	
1	7.600	-70.000	
1	7.700	-70.000	
1	7.800	-70.000	
1	7.900	-70.000	
1	8.000	-70.000	
2	7.100	-70.000	
2	7.200	-70.000	
2	7.300	-70.000	
2	7.400	-70.000	
2	7.500	-70.000	
2	7.600	-70.000	
2	7.700	-70.000	
2	7.800	-70.000	
2	7.900	-70.000	
2	8.000	-70.000	
3	7.100	-70.000	
3	7.200	-70.000	
3	7.300	-70.000	
3	7.400	-70.000	
3	7.500	-70.000	
3	7.600	-70.000	
3	7.700	-70.000	
3	7.800	-70.000	
3	7.900	-70.000	
3	8.000	-70.000	
4	7.100	-70.000	
4	7.200	-70.000	
4	7.300	-70.000	
4	7.400	-70.000	
4	7.500	-70.000	
4	7.600	-70.000	
4	7.700	-70.000	
4	7.800	-70.000	
4	7.900	-70.000	
4	8.000	-70.000	
5	7.100	-70.000	
5	7.200	-70.000	
5	7.300	-70.000	
5	7.400	-70.000	
5	7.500	-70.000	
5	7.600	-70.000	
5	7.700	-70.000	
5	7.800	-70.000	
5	7.900	-70.000	
5	8.000	-70.000	
1	8.100	-70.000	
1	8.200	-70.000	
1	8.300	-70.000	
1	8.400	-70.000	
1	8.500	-70.000	
1	8.600	-70.000	
1	8.700	-70.000	
1	8.800	-70.000	
1	8.900	-70.000	
1	9.000	-70.000	
2	8.100	-70.000	
2	8.200	-70.000	
2	8.300	-70.000	
2	8.400	-70.000	
2	8.500	-70.000	
2	8.600	-70.000	
2	8.700	-70.000	
2	8.800	-70.000	
2	8.900	-70.000	
2	9.000	-70.000	
3	8.100	-70.000	
3	8.200	-70.000	
3	8.300	-70.000	
3	8.400	-70.000	
3	8.500	-70.000	
3	8.600	-70.000	
3	8.700	-70.000	
3	8.800	-70.000	
3	8.900	-70.000	
3	9.000	-70.000	
4	8.100	-70.000	
4	8.200	-70.000	
4	8.300	-70.000	
4	8.400	-70.000	
4	8.500	-70.000	
4	8.600	-70.000	
4	8.700	-70.000	
4	8.800	-70.000	
4	8.900	-70.000	
4	9.000	-70.000	
5	8.100	-70.000	
5	8.200	-70.000	
5	8.300	-70.000	
5	8.400	-70.000	
5	8.500	-70.000	
5	8.600	-70.000	
5	8.700	-70.000	
5	8.800	-70.000	
5	8.900	-70.000	
5	9.000	-70.000	
1	9.100	-70.000	
1	9.200	-70.000	
1	9.300	-70.000	
1	9.400	-70.000	
1	9.500	-70.000	
1	9.600	-70.000	
1	9.700	-70.000	
1	9.800	-70.000	
1	9.900	-70.000	
1	10.000	-70.000	
2	9.100	-70.000	
2	9.200	-70.000	
2	9.300	-70.000	
2	9.400	-70.000	
2	9.500	-70.000	
2	9.600	-70.000	
2	9.700	-70.000	
2	9.800	-70.000	
2	9.900	-70.000	
2	10.000	-70.000	
3	9.100	-70.000	
3	9.200	-70.000	
3	9.300	-70.000	
3	9.400	-70.000	
3	9.500	-70.000	
3	9.600	-70.000	
3	9.700	-70.000	
3	9.800	-70.000	
3	9.900	-70.000	
3	10.000	-70.000	
4	9.100	-70.000	
4	9.200	-70.000	
4	9.300	-70.000	
4	9.400	-70.000	
4	9.500	-70.000	
4	9.600	-70.000	
4	9.700	-70.000	
4	9.800	-70.000	
4	9.900	-70.000	
4	10.000	-70.000	
5	9.100	-70.000	
5	9.200	-70.000	
5	9.300	-70.000	
5	9.400	-70.000	
5	9.500	-70.000	
5	9.600	-70.000	
5	9.700	-70.000	
5	9.800	-70.000	
5	9.900	-70.000	
5	10.000	-70.000	
1	10.100	-70.000	
1	10.200	-70.000	
1	10.300	-70.000	
1	10.400	-70.000	
1	10.500	-70.000	
1	10.600	-70.000	
1	10.700	-70.000	
1	10.800	-70.000	
1	10.900	-70.000	
1	11.000	-70.000	
2	10.100	-70.000	
2	10.200	-70.000	
2	10.300	-70.000	
2	10.400	-70.000	
2	10.500	-70.000	
2	10.600	-70.000	
2	10.700	-70.000	
2	10.800	-70.000	
2	10.900	-70.000	
2	11.000	-70.000	
3	10.100	-70.000	
3	10.200	-70.000	
3	10.300	-70.000	
3	10.400	-70.000	
3	10.500	-70.000	
3	10.600	-70.000	
3	10.700	-70.000	
3	10.800	-70.000	
3	10.900	-70.000	
3	11.000	-70.000	
4	10.100	-70.000	
4	10.200	-70.000	
4	10.300	-70.000	
4	10.400	-70.000	
4	10.500	-70.000	
4	10.600	-70.000	
4	10.700	-70.000	
4	10.800	-70.000	
4	10.900	-70.000	
4	11.000	-70.000	
5	10.100	-70.000	
5	10.200	-70.000	
5	10.300	-70.000	
5	10.400	-70.000	
5	10.500	-70.000	
5	10.600	-70.000	
5	10.700	-70.000	
5	10.800	-70.000	
5	10.900	-70.000	
5	11.000	-70.000	
1	11.100	-69.890	
1	11.200	-69.825	
1	11.300	-69.785	
1	11.400	-69.762	
1	11.500	-69.749	
1	11.600	-69.742	
1	11.700	-69.738	
1	11.800	-69.737	
1	11.900	-69.736	
1	12.000	-69.737	
2	11.100	-69.890	
2	11.200	-69.825	
2	11.300	-69.785	
2	11.400	-69.762	
2	11.500	-69.749	
2	11.600	-69.742	
2	11.700	-69.738	
2	11.800	-69.737	
2	11.900	-69.736	
2	12.000	-69.737	
3	11.100	-69.890	
3	11.200	-69.825	
3	11.300	-69.785	
3	11.400	-69.762	
3	11.500	-69.749	
3	11.600	-69.742	
3	11.700	-69.738	
3	11.800	-69.737	
3	11.900	-69.736	
3	12.000	-69.737	
4	11.100	-69.890	
4	11.200	-69.825	
4	11.300	-69.785	
4	11.400	-69.762	
4	11.500	-69.749	
4	11.600	-69.742	
4	11.700	-69.738	
4	11.800	-69.737	
4	11.900	-69.736	
4	12.000	-69.737	
5	11.100	-69.890	
5	11.200	-69.825	
5	11.300	-69.785	
5	11.400	-69.762	
5	11.500	-69.749	
5	11.600	-69.742	
5	11.700	-69.738	
5	11.800	-69.737	
5	11.900	-69.736	
5	12.000	-69.737	
1	12.100	-69.738	
1	12.200	-69.739	
1	12.300	-69.741	
1	12.400	-69.742	
1	12.500	-69.744	
1	12.600	-69.746	
1	12.700	-69.747	
1	12.800	-69.749	
1	12.900	-69.750	
1	13.000	-69.752	
2	12.100	-69.738	
2	12.200	-69.739	
2	12.300	-69.741	
2	12.400	-69.742	
2	12.500	-69.744	
2	12.600	-69.746	
2	12.700	-69.747	
2	12.800	-69.749	
2	12.900	-69.750	
2	13.000	-69.752	
3	12.100	-69.738	
3	12.200	-69.739	
3	12.300	-69.741	
3	12.400	-69.742	
3	12.500	-69.744	
3	12.600	-69.746	
3	12.700	-69.747	
3	12.800	-69.749	
3	12.900	-69.750	
3	13.000	-69.752	
4	12.100	-69.738	
4	12.200	-69.739	
4	12.300	-69.741	
4	12.400	-69.742	
4	12.500	-69.744	
4	12.600	-69.746	
4	12.700	-69.747	
4	12.800	-69.749	
4	12.900	-69.750	
4	13.000	-69.752	
5	12.100	-69.738	
5	12.200	-69.739	
5	12.300	-69.741	
5	12.400	-69.742	
5	12.500	-69.744	
5	12.600	-69.746	
5	12.700	-69.747	
5	12.800	-69.749	
5	12.900	-69.750	
5	13.000	-69.752	
1	13.100	-69.754	
1	13.200	-69.755	
1	13.300	-69.757	
1	13.400	-69.759	
1	13.500	-69.760	
1	13.600	-69.762	
1	13.700	-69.763	
1	13.800	-69.765	
1	13.900	-69.767	
1	14.000	-69.768	
2	13.100	-69.754	
2	13.200	-69.755	
2	13.300	-69.757	
2	13.400	-69.759	
2	13.500	-69.760	
2	13.600	-69.762	
2	13.700	-69.763	
2	13.800	-69.765	
2	13.900	-69.767	
2	14.000	-69.768	
3	13.100	-69.754	
3	13.200	-69.755	
3	13.300	-69.757	
3	13.400	-69.759	
3	13.500	-69.760	
3	13.600	-69.762	
3	13.700	-69.763	
3	13.800	-69.765	
3	13.900	-69.767	
3	14.000	-69.768	
4	13.100	-69.754	
4	13.200	-69.755	
4	13.300	-69.757	
4	13.400	-69.759	
4	13.500	-69.760	
4	13.600	-69.762	
4	13.700	-69.763	
4	13.800	-69.765	
4	13.900	-69.767	
4	14.000	-69.768	
5	13.100	-69.754	
5	13.200	-69.755	
5	13.300	-69.757	
5	13.400	-69.759	
5	13.500	-69.760	
5	13.600	-69.762	
5	13.700	-69.763	
5	13.800	-69.765	
5	13.900	-69.767	
5	14.000	-69.768	
1	14.100	-69.770	
1	14.200	-69.771	
1	14.300	-69.773	
1	14.400	-69.774	
1	14.500	-69.776	
1	14.600	-69.777	
1	14.700	-69.779	
1	14.800	-69.780	
1	14.900	-69.782	
1	15.000	-69.783	
2	14.100	-69.770	
2	14.200	-69.771	
2	14.300	-69.773	
2	14.400	-69.774	
2	14.500	-69.776	
2	14.600	-69.777	
2	14.700	-69.779	
2	14.800	-69.780	
2	14.900	-69.782	
2	15.000	-69.783	
3	14.100	-69.770	
3	14.200	-69.771	
3	14.300	-69.773	
3	14.400	-69.774	
3	14.500	-69.776	
3	14.600	-69.777	
3	14.700	-69.779	
3	14.800	-69.780	
3	14.900	-69.782	
3	15.000	-69.783	
4	14.100	-69.770	
4	14.200	-69.771	
4	14.300	-69.773	
4	14.400	-69.774	
4	14.500	-69.776	
4	14.600	-69.777	
4	14.700	-69.779	
4	14.800	-69.780	
4	14.900	-69.782	
4	15.000	-69.783	
5	14.100	-69.770	
5	14.200	-69.771	
5	14.300	-69.773	
5	14.400	-69.774	
5	14.500	-69.776	
5	14.600	-69.777	
5	14.700	-69.779	
5	14.800	-69.780	
5	14.900	-69.782	
5	15.000	-69.783	
1	15.100	-69.785	
1	15.200	-69.786	
1	15.300	-69.787	
1	15.400	-69.789	
1	15.500	-69.790	
1	15.600	-69.792	
1	15.700	-69.793	
1	15.800	-69.794	
1	15.900	-69.796	
1	16.000	-69.797	
2	15.100	-69.785	
2	15.200	-69.786	
2	15.300	-69.787	
2	15.400	-69.789	
2	15.500	-69.790	
2	15.600	-69.792	
2	15.700	-69.793	
2	15.800	-69.794	
2	15.900	-69.796	
2	16.000	-69.797	
3	15.100	-69.785	
3	15.200	-69.786	
3	15.300	-69.787	
3	15.400	-69.789	
3	15.500	-69.790	
3	15.600	-69.792	
3	15.700	-69.793	
3	15.800	-69.794	
3	15.900	-69.796	
3	16.000	-69.797	
4	15.100	-69.785	
4	15.200	-69.786	
4	15.300	-69.787	
4	15.400	-69.789	
4	15.500	-69.790	
4	15.600	-69.792	
4	15.700	-69.793	
4	15.800	-69.794	
4	15.900	-69.796	
4	16.000	-69.797	
5	15.100	-69.785	
5	15.200	-69.786	
5	15.300	-69.787	
5	15.400	-69.789	
5	15.500	-69.790	
5	15.600	-69.792	
5	15.700	-69.793	
5	15.800	-69.794	
5	15.900	-69.796	
5	16.000	-69.797	
1	16.100	-69.798	
1	16.200	-69.800	
1	16.300	-69.801	
1	16.400	-69.802	
1	16.500	-69.804	
1	16.600	-69.805	
1	16.700	-69.806	
1	16.800	-69.808	
1	16.900	-69.809	
1	17.000	-69.810	
2	16.100	-69.798	
2	16.200	-69.800	
2	16.300	-69.801	
2	16.400	-69.802	
2	16.500	-69.804	
2	16.600	-69.805	
2	16.700	-69.806	
2	16.800	-69.808	
2	16.900	-69.809	
2	17.000	-69.810	
3	16.100	-69.798	
3	16.200	-69.800	
3	16.300	-69.801	
3	16.400	-69.802	
3	16.500	-69.804	
3	16.600	-69.805	
3	16.700	-69.806	
3	16.800	-69.808	
3	16.900	-69.809	
3	17.000	-69.810	
4	16.100	-69.798	
4	16.200	-69.800	
4	16.300	-69.801	
4	16.400	-69.802	
4	16.500	-69.804	
4	16.600	-69.805	
4	16.700	-69.806	
4	16.800	-69.808	
4	16.900	-69.809	
4	17.000	-69.810	
5	16.100	-69.798	
5	16.200	-69.800	
5	16.300	-69.801	
5	16.400	-69.802	
5	16.500	-69.804	
5	16.600	-69.805	
5	16.700	-69.806	
5	16.800	-69.808	
5	16.900	-69.809	
5	17.000	-69.810	
1	17.100	-69.811	
1	17.200	-69.813	
1	17.300	-69.814	
1	17.400	-69.815	
1	17.500	-69.816	
1	17.600	-69.818	
1	17.700	-69.819	
1	17.800	-69.820	
1	17.900	-69.821	
1	18.000	-69.822	
2	17.100	-69.811	
2	17.200	-69.813	
2	17.300	-69.814	
2	17.400	-69.815	
2	17.500	-69.816	
2	17.600	-69.818	
2	17.700	-69.819	
2	17.800	-69.820	
2	17.900	-69.821	
2	18.000	-69.822	
3	17.100	-69.811	
3	17.200	-69.813	
3	17.300	-69.814	
3	17.400	-69.815	
3	17.500	-69.816	
3	17.600	-69.818	
3	17.700	-69.819	
3	17.800	-69.820	
3	17.900	-69.821	
3	18.000	-69.822	
4	17.100	-69.811	
4	17.200	-69.813	
4	17.300	-69.814	
4	17.400	-69.815	
4	17.500	-69.816	
4	17.600	-69.818	
4	17.700	-69.819	
4	17.800	-69.820	
4	17.900	-69.821	
4	18.000	-69.822	
5	17.100	-69.811	
5	17.200	-69.813	
5	17.300	-69.814	
5	17.400	-69.815	
5	17.500	-69.816	
5	17.600	-69.818	
5	17.700	-69.819	
5	17.800	-69.820	
5	17.900	-69.821	
5	18.000	-69.822	
1	18.100	-69.824	
1	18.200	-69.825	
1	18.300	-69.826	
1	18.400	-69.827	
1	18.500	-69.828	
1	18.600	-69.829	
1	18.700	-69.830	
1	18.800	-69.832	
1	18.900	-69.833	
1	19.000	-69.834	
2	18.100	-69.824	
2	18.200	-69.825	
2	18.300	-69.826	
2	18.400	-69.827	
2	18.500	-69.828	
2	18.600	-69.829	
2	18.700	-69.830	
2	18.800	-69.832	
2	18.900	-69.833	
2	19.000	-69.834	
3	18.100	-69.824	
3	18.200	-69.825	
3	18.300	-69.826	
3	18.400	-69.827	
3	18.500	-69.828	
3	18.600	-69.829	
3	18.700	-69.830	
3	18.800	-69.832	
3	18.900	-69.833	
3	19.000	-69.834	
4	18.100	-69.824	
4	18.200	-69.825	
4	18.300	-69.826	
4	18.400	-69.827	
4	18.500	-69.828	
4	18.600	-69.829	
4	18.700	-69.830	
4	18.800	-69.832	
4	18.900	-69.833	
4	19.000	-69.834	
5	18.100	-69.824	
5	18.200	-69.825	
5	18.300	-69.826	
5	18.400	-69.827	
5	18.500	-69.828	
5	18.600	-69.829	
5	18.700	-69.830	
5	18.800	-69.832	
5	18.900	-69.833	
5	19.000	-69.834	
1	19.100	-69.835	
1	19.200	-69.836	
1	19.300	-69.837	
1	19.400	-69.838	
1	19.500	-69.839	
1	19.600	-69.840	
1	19.700	-69.841	
1	19.800	-69.842	
1	19.900	-69.844	
1	20.000	-69.845	
2	19.100	-69.835	
2	19.200	-69.836	
2	19.300	-69.837	
2	19.400	-69.838	
2	19.500	-69.839	
2	19.600	-69.840	
2	19.700	-69.841	
2	19.800	-69.842	
2	19.900	-69.844	
2	20.000	-69.845	
3	19.100	-69.835	
3	19.200	-69.836	
3	19.300	-69.837	
3	19.400	-69.838	
3	19.500	-69.839	
3	19.600	-69.840	
3	19.700	-69.841	
3	19.800	-69.842	
3	19.900	-69.844	
3	20.000	-69.845	
4	19.100	-69.835	
4	19.200	-69.836	
4	19.300	-69.837	
4	19.400	-69.838	
4	19.500	-69.839	
4	19.600	-69.840	
4	19.700	-69.841	
4	19.800	-69.842	
4	19.900	-69.844	
4	20.000	-69.845	
5	19.100	-69.835	
5	19.200	-69.836	
5	19.300	-69.837	
5	19.400	-69.838	
5	19.500	-69.839	
5	19.600	-69.840	
5	19.700	-69.841	
5	19.800	-69.842	
5	19.900	-69.844	
5	20.000	-69.845	
1	20.100	-69.846	
1	20.200	-69.847	
1	20.300	-69.848	
1	20.400	-69.849	
1	20.500	-69.850	
1	20.600	-69.851	
1	20.700	-69.852	
1	20.800	-69.853	
1	20.900	-69.854	
1	21.000	-69.855	
2	20.100	-69.846	
2	20.200	-69.847	
2	20.300	-69.848	
2	20.400	-69.849	
2	20.500	-69.850	
2	20.600	-69.851	
2	20.700	-69.852	
2	20.800	-69.853	
2	20.900	-69.854	
2	21.000	-69.855	
3	20.100	-69.846	
3	20.200	-69.847	
3	20.300	-69.848	
3	20.400	-69.849	
3	20.500	-69.850	
3	20.600	-69.851	
3	20.700	-69.852	
3	20.800	-69.853	
3	20.900	-69.854	
3	21.000	-69.855	
4	20.100	-69.846	
4	20.200	-69.847	
4	20.300	-69.848	
4	20.400	-69.849	
4	20.500	-69.850	
4	20.600	-69.851	
4	20.700	-69.852	
4	20.800	-69.853	
4	20.900	-69.854	
4	21.000	-69.855	
5	20.100	-69.846	
5	20.200	-69.847	
5	20.300	-69.848	
5	20.400	-69.849	
5	20.500	-69.850	
5	20.600	-69.851	
5	20.700	-69.852	
5	20.800	-69.853	
5	20.900	-69.854	
5	21.000	-69.855	
1	21.100	-69.856	
1	21.200	-69.857	
1	21.300	-69.857	
1	21.400	-69.858	
1	21.500	-69.859	
1	21.600	-69.860	
1	21.700	-69.861	
1	21.800	-69.862	
1	21.900	-69.863	
1	22.000	-69.864	
2	21.100	-69.856	
2	21.200	-69.857	
2	21.300	-69.857	
2	21.400	-69.858	
2	21.500	-69.859	
2	21.600	-69.860	
2	21.700	-69.861	
2	21.800	-69.862	
2	21.900	-69.863	
2	22.000	-69.864	
3	21.100	-69.856	
3	21.200	-69.857	
3	21.300	-69.857	
3	21.400	-69.858	
3	21.500	-69.859	
3	21.600	-69.860	
3	21.700	-69.861	
3	21.800	-69.862	
3	21.900	-69.863	
3	22.000	-69.864	
4	21.100	-69.856	
4	21.200	-69.857	
4	21.300	-69.857	
4	21.400	-69.858	
4	21.500	-69.859	
4	21.600	-69.860	
4	21.700	-69.861	
4	21.800	-69.862	
4	21.900	-69.863	
4	22.000	-69.864	
5	21.100	-69.856	
5	21.200	-69.857	
5	21.300	-69.857	
5	21.400	-69.858	
5	21.500	-69.859	
5	21.600	-69.860	
5	21.700	-69.861	
5	21.800	-69.862	
5	21.900	-69.863	
5	22.000	-69.864	
1	22.100	-69.865	
1	22.200	-69.866	
1	22.300	-69.867	
1	22.400	-69.868	
1	22.500	-69.868	
1	22.600	-69.869	
1	22.700	-69.870	
1	22.800	-69.871	
1	22.900	-69.872	
1	23.000	-69.873	
2	22.100	-69.865	
2	22.200	-69.866	
2	22.300	-69.867	
2	22.400	-69.868	
2	22.500	-69.868	
2	22.600	-69.869	
2	22.700	-69.870	
2	22.800	-69.871	
2	22.900	-69.872	
2	23.000	-69.873	
3	22.100	-69.865	
3	22.200	-69.866	
3	22.300	-69.867	
3	22.400	-69.868	
3	22.500	-69.868	
3	22.600	-69.869	
3	22.700	-69.870	
3	22.800	-69.871	
3	22.900	-69.872	
3	23.000	-69.873	
4	22.100	-69.865	
4	22.200	-69.866	
4	22.300	-69.867	
4	22.400	-69.868	
4	22.500	-69.868	
4	22.600	-69.869	
4	22.700	-69.870	
4	22.800	-69.871	
4	22.900	-69.872	
4	23.000	-69.873	
5	22.100	-69.865	
5	22.200	-69.866	
5	22.300	-69.867	
5	22.400	-69.868	
5	22.500	-69.868	
5	22.600	-69.869	
5	22.700	-69.870	
5	22.800	-69.871	
5	22.900	-69.872	
5	23.000	-69.873	
1	23.100	-69.874	
1	23.200	-69.874	
1	23.300	-69.875	
1	23.400	-69.876	
1	23.500	-69.877	
1	23.600	-69.878	
1	23.700	-69.879	
1	23.800	-69.879	
1	23.900	-69.880	
1	24.000	-69.881	
2	23.100	-69.874	
2	23.200	-69.874	
2	23.300	-69.875	
2	23.400	-69.876	
2	23.500	-69.877	
2	23.600	-69.878	
2	23.700	-69.879	
2	23.800	-69.879	
2	23.900	-69.880	
2	24.000	-69.881	
3	23.100	-69.874	
3	23.200	-69.874	
3	23.300	-69.875	
3	23.400	-69.876	
3	23.500	-69.877	
3	23.600	-69.878	
3	23.700	-69.879	
3	23.800	-69.879	
3	23.900	-69.880	
3	24.000	-69.881	
4	23.100	-69.874	
4	23.200	-69.874	
4	23.300	-69.875	
4	23.400	-69.876	
4	23.500	-69.877	
4	23.600	-69.878	
4	23.700	-69.879	
4	23.800	-69.879	
4	23.900	-69.880	
4	24.000	-69.881	
5	23.100	-69.874	
5	23.200	-69.874	
5	23.300	-69.875	
5	23.400	-69.876	
5	23.500	-69.877	
5	23.600	-69.878	
5	23.700	-69.879	
5	23.800	-69.879	
5	23.900	-69.880	
5	24.000	-69.881	
1	24.100	-69.882	
1	24.200	-69.883	
1	24.300	-69.883	
1	24.400	-69.884	
1	24.500	-69.885	
1	24.600	-69.886	
1	24.700	-69.886	
1	24.800	-69.887	
1	24.900	-69.888	
1	25.000	-69.889	
2	24.100	-69.882	
2	24.200	-69.883	
2	24.300	-69.883	
2	24.400	-69.884	
2	24.500	-69.885	
2	24.600	-69.886	
2	24.700	-69.886	
2	24.800	-69.887	
2	24.900	-69.888	
2	25.000	-69.889	
3	24.100	-69.882	
3	24.200	-69.883	
3	24.300	-69.883	
3	24.400	-69.884	
3	24.500	-69.885	
3	24.600	-69.886	
3	24.700	-69.886	
3	24.800	-69.887	
3	24.900	-69.888	
3	25.000	-69.889	
4	24.100	-69.882	
4	24.200	-69.883	
4	24.300	-69.883	
4	24.400	-69.884	
4	24.500	-69.885	
4	24.600	-69.886	
4	24.700	-69.886	
4	24.800	-69.887	
4	24.900	-69.888	
4	25.000	-69.889	
5	24.100	-69.882	
5	24.200	-69.883	
5	24.300	-69.883	
5	24.400	-69.884	
5	24.500	-69.885	
5	24.600	-69.886	
5	24.700	-69.886	
5	24.800	-69.887	
5	24.900	-69.888	
5	25.000	-69.889	
1	25.100	-69.889	
1	25.200	-69.890	
1	25.300	-69.891	
1	25.400	-69.892	
1	25.500	-69.892	
1	25.600	-69.893	
1	25.700	-69.894	
1	25.800	-69.894	
1	25.900	-69.895	
1	26.000	-69.896	
2	25.100	-69.889	
2	25.200	-69.890	
2	25.300	-69.891	
2	25.400	-69.892	
2	25.500	-69.892	
2	25.600	-69.893	
2	25.700	-69.894	
2	25.800	-69.894	
2	25.900	-69.895	
2	26.000	-69.896	
3	25.100	-69.889	
3	25.200	-69.890	
3	25.300	-69.891	
3	25.400	-69.892	
3	25.500	-69.892	
3	25.600	-69.893	
3	25.700	-69.894	
3	25.800	-69.894	
3	25.900	-69.895	
3	26.000	-69.896	
4	25.100	-69.889	
4	25.200	-69.890	
4	25.300	-69.891	
4	25.400	-69.892	
4	25.500	-69.892	
4	25.600	-69.893	
4	25.700	-69.894	
4	25.800	-69.894	
4	25.900	-69.895	
4	26.000	-69.896	
5	25.100	-69.889	
5	25.200	-69.890	
5	25.300	-69.891	
5	25.400	-69.892	
5	25.500	-69.892	
5	25.600	-69.893	
5	25.700	-69.894	
5	25.800	-69.894	
5	25.900	-69.895	
5	26.000	-69.896	
1	26.100	-69.897	
1	26.200	-69.897	
1	26.300	-69.898	
1	26.400	-69.899	
1	26.500	-69.899	
1	26.600	-69.900	
1	26.700	-69.901	
1	26.800	-69.901	
1	26.900	-69.902	
1	27.000	-69.903	
2	26.100	-69.897	
2	26.200	-69.897	
2	26.300	-69.898	
2	26.400	-69.899	
2	26.500	-69.899	
2	26.600	-69.900	
2	26.700	-69.901	
2	26.800	-69.901	
2	26.900	-69.902	
2	27.000	-69.903	
3	26.100	-69.897	
3	26.200	-69.897	
3	26.300	-69.898	
3	26.400	-69.899	
3	26.500	-69.899	
3	26.600	-69.900	
3	26.700	-69.901	
3	26.800	-69.901	
3	26.900	-69.902	
3	27.000	-69.903	
4	26.100	-69.897	
4	26.200	-69.897	
4	26.300	-69.898	
4	26.400	-69.899	
4	26.500	-69.899	
4	26.600	-69.900	
4	26.700	-69.901	
4	26.800	-69.901	
4	26.900	-69.902	
4	27.000	-69.903	
5	26.100	-69.897	
5	26.200	-69.897	
5	26.300	-69.898	
5	26.400	-69.899	
5	26.500	-69.899	
5	26.600	-69.900	
5	26.700	-69.901	
5	26.800	-69.901	
5	26.900	-69.902	
5	27.000	-69.903	
1	27.100	-69.903	
1	27.200	-69.904	
1	27.300	-69.904	
1	27.400	-69.905	
1	27.500	-69.906	
1	27.600	-69.906	
1	27.700	-69.907	
1	27.800	-69.908	
1	27.900	-69.908	
1	28.000	-69.909	
2	27.100	-69.903	
2	27.200	-69.904	
2	27.300	-69.904	
2	27.400	-69.905	
2	27.500	-69.906	
2	27.600	-69.906	
2	27.700	-69.907	
2	27.800	-69.908	
2	27.900	-69.908	
2	28.000	-69.909	
3	27.100	-69.903	
3	27.200	-69.904	
3	27.300	-69.904	
3	27.400	-69.905	
3	27.500	-69.906	
3	27.600	-69.906	
3	27.700	-69.907	
3	27.800	-69.908	
3	27.900	-69.908	
3	28.000	-69.909	
4	27.100	-69.903	
4	27.200	-69.904	
4	27.300	-69.904	
4	27.400	-69.905	
4	27.500	-69.906	
4	27.600	-69.906	
4	27.700	-69.907	
4	27.800	-69.908	
4	27.900	-69.908	
4	28.000	-69.909	
5	27.100	-69.903	
5	27.200	-69.904	
5	27.300	-69.904	
5	27.400	-69.905	
5	27.500	-69.906	
5	27.600	-69.906	
5	27.700	-69.907	
5	27.800	-69.908	
5	27.900	-69.908	
5	28.000	-69.909	
1	28.100	-69.909	
1	28.200	-69.910	
1	28.300	-69.911	
1	28.400	-69.911	
1	28.500	-69.912	
1	28.600	-69.912	
1	28.700	-69.913	
1	28.800	-69.914	
1	28.900	-69.914	
1	29.000	-69.915	
2	28.100	-69.909	
2	28.200	-69.910	
2	28.300	-69.911	
2	28.400	-69.911	
2	28.500	-69.912	
2	28.600	-69.912	
2	28.700	-69.913	
2	28.800	-69.914	
2	28.900	-69.914	
2	29.000	-69.915	
3	28.100	-69.909	
3	28.200	-69.910	
3	28.300	-69.911	
3	28.400	-69.911	
3	28.500	-69.912	
3	28.600	-69.912	
3	28.700	-69.913	
3	28.800	-69.914	
3	28.900	-69.914	
3	29.000	-69.915	
4	28.100	-69.909	
4	28.200	-69.910	
4	28.300	-69.911	
4	28.400	-69.911	
4	28.500	-69.912	
4	28.600	-69.912	
4	28.700	-69.913	
4	28.800	-69.914	
4	28.900	-69.914	
4	29.000	-69.915	
5	28.100	-69.909	
5	28.200	-69.910	
5	28.300	-69.911	
5	28.400	-69.911	
5	28.500	-69.912	
5	28.600	-69.912	
5	28.700	-69.913	
5	28.800	-69.914	
5	28.900	-69.914	
5	29.000	-69.915	
1	29.100	-69.915	
1	29.200	-69.916	
1	29.300	-69.916	
1	29.400	-69.917	
1	29.500	-69.917	
1	29.600	-69.918	
1	29.700	-69.919	
1	29.800	-69.919	
1	29.900	-69.920	
1	30.000	-69.920	
2	29.100	-69.915	
2	29.200	-69.916	
2	29.300	-69.916	
2	29.400	-69.917	
2	29.500	-69.917	
2	29.600	-69.918	
2	29.700	-69.919	
2	29.800	-69.919	
2	29.900	-69.920	
2	30.000	-69.920	
3	29.100	-69.915	
3	29.200	-69.916	
3	29.300	-69.916	
3	29.400	-69.917	
3	29.500	-69.917	
3	29.600	-69.918	
3	29.700	-69.919	
3	29.800	-69.919	
3	29.900	-69.920	
3	30.000	-69.920	
4	29.100	-69.915	
4	29.200	-69.916	
4	29.300	-69.916	
4	29.400	-69.917	
4	29.500	-69.917	
4	29.600	-69.918	
4	29.700	-69.919	
4	29.800	-69.919	
4	29.900	-69.920	
4	30.000	-69.920	
5	29.100	-69.806	
5	29.200	-69.741	
5	29.300	-69.702	
5	29.400	-69.680	
5	29.500	-69.667	
5	29.600	-69.660	
5	29.700	-69.657	
5	29.800	-69.656	
5	29.900	-69.656	
5	30.000	-69.657	
1	30.100	-69.921	
1	30.200	-69.921	
1	30.300	-69.922	
1	30.400	-69.922	
1	30.500	-69.923	
1	30.600	-69.923	
1	30.700	-69.924	
1	30.800	-69.924	
1	30.900	-69.925	
1	31.000	-69.925	
2	30.100	-69.921	
2	30.200	-69.921	
2	30.300	-69.922	
2	30.400	-69.922	
2	30.500	-69.923	
2	30.600	-69.923	
2	30.700	-69.924	
2	30.800	-69.924	
2	30.900	-69.925	
2	31.000	-69.925	
3	30.100	-69.921	
3	30.200	-69.921	
3	30.300	-69.922	
3	30.400	-69.922	
3	30.500	-69.923	
3	30.600	-69.923	
3	30.700	-69.924	
3	30.800	-69.924	
3	30.900	-69.925	
3	31.000	-69.925	
4	30.100	-69.921	
4	30.200	-69.921	
4	30.300	-69.922	
4	30.400	-69.922	
4	30.500	-69.923	
4	30.600	-69.923	
4	30.700	-69.924	
4	30.800	-69.924	
4	30.900	-69.925	
4	31.000	-69.925	
5	30.100	-69.659	
5	30.200	-69.661	
5	30.300	-69.663	
5	30.400	-69.665	
5	30.500	-69.667	
5	30.600	-69.669	
5	30.700	-69.671	
5	30.800	-69.673	
5	30.900	-69.676	
5	31.000	-69.678	
1	31.100	-69.926	
1	31.200	-69.926	
1	31.300	-69.927	
1	31.400	-69.927	
1	31.500	-69.928	
1	31.600	-69.928	
1	31.700	-69.929	
1	31.800	-69.929	
1	31.900	-69.930	
1	32.000	-69.930	
2	31.100	-69.926	
2	31.200	-69.926	
2	31.300	-69.927	
2	31.400	-69.927	
2	31.500	-69.928	
2	31.600	-69.928	
2	31.700	-69.929	
2	31.800	-69.929	
2	31.900	-69.930	
2	32.000	-69.930	
3	31.100	-69.926	
3	31.200	-69.926	
3	31.300	-69.927	
3	31.400	-69.927	
3	31.500	-69.928	
3	31.600	-69.928	
3	31.700	-69.929	
3	31.800	-69.929	
3	31.900	-69.930	
3	32.000	-69.930	
4	31.100	-69.926	
4	31.200	-69.926	
4	31.300	-69.927	
4	31.400	-69.927	
4	31.500	-69.928	
4	31.600	-69.928	
4	31.700	-69.929	
4	31.800	-69.929	
4	31.900	-69.930	
4	32.000	-69.930	
5	31.100	-69.680	
5	31.200	-69.682	
5	31.300	-69.684	
5	31.400	-69.686	
5	31.500	-69.688	
5	31.600	-69.690	
5	31.700	-69.692	
5	31.800	-69.695	
5	31.900	-69.697	
5	32.000	-69.699	
1	32.100	-69.931	
1	32.200	-69.931	
1	32.300	-69.932	
1	32.400	-69.932	
1	32.500	-69.932	
1	32.600	-69.933	
1	32.700	-69.933	
1	32.800	-69.934	
1	32.900	-69.934	
1	33.000	-69.935	
2	32.100	-69.931	
2	32.200	-69.931	
2	32.300	-69.932	
2	32.400	-69.932	
2	32.500	-69.932	
2	32.600	-69.933	
2	32.700	-69.933	
2	32.800	-69.934	
2	32.900	-69.934	
2	33.000	-69.935	
3	32.100	-69.931	
3	32.200	-69.931	
3	32.300	-69.932	
3	32.400	-69.932	
3	32.500	-69.932	
3	32.600	-69.933	
3	32.700	-69.933	
3	32.800	-69.934	
3	32.900	-69.934	
3	33.000	-69.935	
4	32.100	-69.931	
4	32.200	-69.931	
4	32.300	-69.932	
4	32.400	-69.932	
4	32.500	-69.932	
4	32.600	-69.933	
4	32.700	-69.933	
4	32.800	-69.934	
4	32.900	-69.934	
4	33.000	-69.935	
5	32.100	-69.701	
5	32.200	-69.703	
5	32.300	-69.705	
5	32.400	-69.706	
5	32.500	-69.708	
5	32.600	-69.710	
5	32.700	-69.712	
5	32.800	-69.714	
5	32.900	-69.716	
5	33.000	-69.718	
1	33.100	-69.935	
1	33.200	-69.936	
1	33.300	-69.936	
1	33.400	-69.936	
1	33.500	-69.937	
1	33.600	-69.937	
1	33.700	-69.938	
1	33.800	-69.938	
1	33.900	-69.938	
1	34.000	-69.939	
2	33.100	-69.935	
2	33.200	-69.936	
2	33.300	-69.936	
2	33.400	-69.936	
2	33.500	-69.937	
2	33.600	-69.937	
2	33.700	-69.938	
2	33.800	-69.938	
2	33.900	-69.938	
2	34.000	-69.939	
3	33.100	-69.935	
3	33.200	-69.936	
3	33.300	-69.936	
3	33.400	-69.936	
3	33.500	-69.937	
3	33.600	-69.937	
3	33.700	-69.938	
3	33.800	-69.938	
3	33.900	-69.938	
3	34.000	-69.939	
4	33.100	-69.935	
4	33.200	-69.936	
4	33.300	-69.936	
4	33.400	-69.936	
4	33.500	-69.937	
4	33.600	-69.828	
4	33.700	-69.762	
4	33.800	-69.724	
4	33.900	-69.701	
4	34.000	-69.688	
5	33.100	-69.720	
5	33.200	-69.722	
5	33.300	-69.724	
5	33.400	-69.725	
5	33.500	-69.727	
5	33.600	-69.729	
5	33.700	-69.731	
5	33.800	-69.733	
5	33.900	-69.734	
5	34.000	-69.736	
1	34.100	-69.939	
1	34.200	-69.940	
1	34.300	-69.940	
1	34.400	-69.940	
1	34.500	-69.941	
1	34.600	-69.941	
1	34.700	-69.942	
1	34.800	-69.942	
1	34.900	-69.942	
1	35.000	-69.943	
2	34.100	-69.939	
2	34.200	-69.940	
2	34.300	-69.940	
2	34.400	-69.940	
2	34.500	-69.941	
2	34.600	-69.941	
2	34.700	-69.942	
2	34.800	-69.942	
2	34.900	-69.942	
2	35.000	-69.943	
3	34.100	-69.939	
3	34.200	-69.940	
3	34.300	-69.940	
3	34.400	-69.940	
3	34.500	-69.941	
3	34.600	-69.941	
3	34.700	-69.942	
3	34.800	-69.942	
3	34.900	-69.942	
3	35.000	-69.943	
4	34.100	-69.681	
4	34.200	-69.678	
4	34.300	-69.677	
4	34.400	-69.677	
4	34.500	-69.678	
4	34.600	-69.679	
4	34.700	-69.681	
4	34.800	-69.683	
4	34.900	-69.685	
4	35.000	-69.687	
5	34.100	-69.738	
5	34.200	-69.740	
5	34.300	-69.741	
5	34.400	-69.743	
5	34.500	-69.745	
5	34.600	-69.747	
5	34.700	-69.748	
5	34.800	-69.750	
5	34.900	-69.752	
5	35.000	-69.753	
1	35.100	-69.943	
1	35.200	-69.944	
1	35.300	-69.944	
1	35.400	-69.944	
1	35.500	-69.945	
1	35.600	-69.945	
1	35.700	-69.945	
1	35.800	-69.946	
1	35.900	-69.946	
1	36.000	-69.947	
2	35.100	-69.943	
2	35.200	-69.944	
2	35.300	-69.944	
2	35.400	-69.944	
2	35.500	-69.945	
2	35.600	-69.945	
2	35.700	-69.945	
2	35.800	-69.946	
2	35.900	-69.946	
2	36.000	-69.947	
3	35.100	-69.943	
3	35.200	-69.944	
3	35.300	-69.944	
3	35.400	-69.944	
3	35.500	-69.945	
3	35.600	-69.945	
3	35.700	-69.945	
3	35.800	-69.946	
3	35.900	-69.946	
3	36.000	-69.947	
4	35.100	-69.689	
4	35.200	-69.691	
4	35.300	-69.693	
4	35.400	-69.695	
4	35.500	-69.697	
4	35.600	-69.699	
4	35.700	-69.701	
4	35.800	-69.703	
4	35.900	-69.705	
4	36.000	-69.707	
5	35.100	-69.755	
5	35.200	-69.756	
5	35.300	-69.758	
5	35.400	-69.760	
5	35.500	-69.761	
5	35.600	-69.763	
5	35.700	-69.764	
5	35.800	-69.766	
5	35.900	-69.768	
5	36.000	-69.769	
1	36.100	-69.947	
1	36.200	-69.947	
1	36.300	-69.948	
1	36.400	-69.948	
1	36.500	-69.948	
1	36.600	-69.949	
1	36.700	-69.949	
1	36.800	-69.949	
1	36.900	-69.950	
1	37.000	-69.950	
2	36.100	-69.947	
2	36.200	-69.947	
2	36.300	-69.948	
2	36.400	-69.948	
2	36.500	-69.948	
2	36.600	-69.949	
2	36.700	-69.949	
2	36.800	-69.949	
2	36.900	-69.950	
2	37.000	-69.950	
3	36.100	-69.947	
3	36.200	-69.947	
3	36.300	-69.948	
3	36.400	-69.948	
3	36.500	-69.948	
3	36.600	-69.949	
3	36.700	-69.949	
3	36.800	-69.949	
3	36.900	-69.950	
3	37.000	-69.950	
4	36.100	-69.709	
4	36.200	-69.711	
4	36.300	-69.713	
4	36.400	-69.715	
4	36.500	-69.717	
4	36.600	-69.718	
4	36.700	-69.720	
4	36.800	-69.722	
4	36.900	-69.724	
4	37.000	-69.726	
5	36.100	-69.771	
5	36.200	-69.772	
5	36.300	-69.774	
5	36.400	-69.775	
5	36.500	-69.777	
5	36.600	-69.778	
5	36.700	-69.780	
5	36.800	-69.781	
5	36.900	-69.783	
5	37.000	-69.784	
1	37.100	-69.950	
1	37.200	-69.951	
1	37.300	-69.951	
1	37.400	-69.951	
1	37.500	-69.952	
1	37.600	-69.952	
1	37.700	-69.952	
1	37.800	-69.953	
1	37.900	-69.953	
1	38.000	-69.953	
2	37.100	-69.950	
2	37.200	-69.951	
2	37.300	-69.951	
2	37.400	-69.951	
2	37.500	-69.952	
2	37.600	-69.952	
2	37.700	-69.952	
2	37.800	-69.953	
2	37.900	-69.953	
2	38.000	-69.953	
3	37.100	-69.950	
3	37.200	-69.951	
3	37.300	-69.951	
3	37.400	-69.951	
3	37.500	-69.952	
3	37.600	-69.952	
3	37.700	-69.952	
3	37.800	-69.953	
3	37.900	-69.953	
3	38.000	-69.953	
4	37.100	-69.728	
4	37.200	-69.730	
4	37.300	-69.731	
4	37.400	-69.733	
4	37.500	-69.735	
4	37.600	-69.737	
4	37.700	-69.738	
4	37.800	-69.740	
4	37.900	-69.742	
4	38.000	-69.744	
5	37.100	-69.785	
5	37.200	-69.787	
5	37.300	-69.788	
5	37.400	-69.790	
5	37.500	-69.791	
5	37.600	-69.792	
5	37.700	-69.794	
5	37.800	-69.795	
5	37.900	-69.797	
5	38.000	-69.798	
1	38.100	-69.953	
1	38.200	-69.954	
1	38.300	-69.954	
1	38.400	-69.954	
1	38.500	-69.955	
1	38.600	-69.955	
1	38.700	-69.955	
1	38.800	-69.956	
1	38.900	-69.956	
1	39.000	-69.956	
2	38.100	-69.953	
2	38.200	-69.954	
2	38.300	-69.954	
2	38.400	-69.954	
2	38.500	-69.955	
2	38.600	-69.955	
2	38.700	-69.955	
2	38.800	-69.956	
2	38.900	-69.956	
2	39.000	-69.956	
3	38.100	-69.953	
3	38.200	-69.954	
3	38.300	-69.954	
3	38.400	-69.954	
3	38.500	-69.955	
3	38.600	-69.955	
3	38.700	-69.955	
3	38.800	-69.956	
3	38.900	-69.956	
3	39.000	-69.956	
4	38.100	-69.745	
4	38.200	-69.747	
4	38.300	-69.749	
4	38.400	-69.750	
4	38.500	-69.752	
4	38.600	-69.754	
4	38.700	-69.755	
4	38.800	-69.757	
4	38.900	-69.758	
4	39.000	-69.760	
5	38.100	-69.799	
5	38.200	-69.801	
5	38.300	-69.802	
5	38.400	-69.803	
5	38.500	-69.805	
5	38.600	-69.806	
5	38.700	-69.807	
5	38.800	-69.808	
5	38.900	-69.810	
5	39.000	-69.811	
1	39.100	-69.956	
1	39.200	-69.957	
1	39.300	-69.957	
1	39.400	-69.957	
1	39.500	-69.958	
1	39.600	-69.958	
1	39.700	-69.958	
1	39.800	-69.958	
1	39.900	-69.959	
1	40.000	-69.959	
2	39.100	-69.956	
2	39.200	-69.957	
2	39.300	-69.957	
2	39.400	-69.957	
2	39.500	-69.958	
2	39.600	-69.958	
2	39.700	-69.958	
2	39.800	-69.958	
2	39.900	-69.959	
2	40.000	-69.959	
3	39.100	-69.956	
3	39.200	-69.957	
3	39.300	-69.957	
3	39.400	-69.957	
3	39.500	-69.958	
3	39.600	-69.958	
3	39.700	-69.958	
3	39.800	-69.958	
3	39.900	-69.959	
3	40.000	-69.959	
4	39.100	-69.762	
4	39.200	-69.763	
4	39.300	-69.765	
4	39.400	-69.766	
4	39.500	-69.768	
4	39.600	-69.770	
4	39.700	-69.771	
4	39.800	-69.773	
4	39.900	-69.774	
4	40.000	-69.776	
5	39.100	-69.812	
5	39.200	-69.813	
5	39.300	-69.815	
5	39.400	-69.816	
5	39.500	-69.817	
5	39.600	-69.818	
5	39.700	-69.820	
5	39.800	-69.821	
5	39.900	-69.822	
5	40.000	-69.823	
1	40.100	-69.959	
1	40.200	-69.960	
1	40.300	-69.960	
1	40.400	-69.960	
1	40.500	-69.960	
1	40.600	-69.961	
1	40.700	-69.961	
1	40.800	-69.961	
1	40.900	-69.961	
1	41.000	-69.962	
2	40.100	-69.959	
2	40.200	-69.960	
2	40.300	-69.960	
2	40.400	-69.960	
2	40.500	-69.960	
2	40.600	-69.961	
2	40.700	-69.961	
2	40.800	-69.961	
2	40.900	-69.961	
2	41.000	-69.962	
3	40.100	-69.959	
3	40.200	-69.960	
3	40.300	-69.960	
3	40.400	-69.960	
3	40.500	-69.960	
3	40.600	-69.961	
3	40.700	-69.961	
3	40.800	-69.961	
3	40.900	-69.961	
3	41.000	-69.962	
4	40.100	-69.777	
4	40.200	-69.779	
4	40.300	-69.780	
4	40.400	-69.781	
4	40.500	-69.783	
4	40.600	-69.784	
4	40.700	-69.786	
4	40.800	-69.787	
4	40.900	-69.789	
4	41.000	-69.790	
5	40.100	-69.824	
5	40.200	-69.826	
5	40.300	-69.827	
5	40.400	-69.828	
5	40.500	-69.829	
5	40.600	-69.830	
5	40.700	-69.831	
5	40.800	-69.832	
5	40.900	-69.833	
5	41.000	-69.835	
1	41.100	-69.962	
1	41.200	-69.962	
1	41.300	-69.962	
1	41.400	-69.963	
1	41.500	-69.963	
1	41.600	-69.963	
1	41.700	-69.963	
1	41.800	-69.964	
1	41.900	-69.964	
1	42.000	-69.964	
2	41.100	-69.962	
2	41.200	-69.962	
2	41.300	-69.962	
2	41.400	-69.963	
2	41.500	-69.963	
2	41.600	-69.963	
2	41.700	-69.963	
2	41.800	-69.964	
2	41.900	-69.964	
2	42.000	-69.964	
3	41.100	-69.852	
3	41.200	-69.787	
3	41.300	-69.748	
3	41.400	-69.725	
3	41.500	-69.712	
3	41.600	-69.705	
3	41.700	-69.702	
3	41.800	-69.700	
3	41.900	-69.700	
3	42.000	-69.701	
4	41.100	-69.791	
4	41.200	-69.793	
4	41.300	-69.794	
4	41.400	-69.796	
4	41.500	-69.797	
4	41.600	-69.798	
4	41.700	-69.800	
4	41.800	-69.801	
4	41.900	-69.802	
4	42.000	-69.804	
5	41.100	-69.836	
5	41.200	-69.837	
5	41.300	-69.838	
5	41.400	-69.839	
5	41.500	-69.840	
5	41.600	-69.841	
5	41.700	-69.842	
5	41.800	-69.843	
5	41.900	-69.844	
5	42.000	-69.845	
1	42.100	-69.964	
1	42.200	-69.965	
1	42.300	-69.965	
1	42.400	-69.965	
1	42.500	-69.965	
1	42.600	-69.966	
1	42.700	-69.966	
1	42.800	-69.966	
1	42.900	-69.966	
1	43.000	-69.966	
2	42.100	-69.964	
2	42.200	-69.965	
2	42.300	-69.965	
2	42.400	-69.965	
2	42.500	-69.965	
2	42.600	-69.966	
2	42.700	-69.966	
2	42.800	-69.966	
2	42.900	-69.966	
2	43.000	-69.966	
3	42.100	-69.702	
3	42.200	-69.704	
3	42.300	-69.706	
3	42.400	-69.708	
3	42.500	-69.709	
3	42.600	-69.711	
3	42.700	-69.713	
3	42.800	-69.715	
3	42.900	-69.717	
3	43.000	-69.719	
4	42.100	-69.805	
4	42.200	-69.806	
4	42.300	-69.807	
4	42.400	-69.809	
4	42.500	-69.810	
4	42.600	-69.811	
4	42.700	-69.813	
4	42.800	-69.814	
4	42.900	-69.815	
4	43.000	-69.816	
5	42.100	-69.846	
5	42.200	-69.847	
5	42.300	-69.848	
5	42.400	-69.849	
5	42.500	-69.850	
5	42.600	-69.851	
5	42.700	-69.852	
5	42.800	-69.853	
5	42.900	-69.854	
5	43.000	-69.855	
1	43.100	-69.967	
1	43.200	-69.967	
1	43.300	-69.967	
1	43.400	-69.967	
1	43.500	-69.968	
1	43.600	-69.968	
1	43.700	-69.968	
1	43.800	-69.968	
1	43.900	-69.968	
1	44.000	-69.969	
2	43.100	-69.967	
2	43.200	-69.967	
2	43.300	-69.967	
2	43.400	-69.967	
2	43.500	-69.968	
2	43.600	-69.968	
2	43.700	-69.968	
2	43.800	-69.968	
2	43.900	-69.968	
2	44.000	-69.969	
3	43.100	-69.721	
3	43.200	-69.722	
3	43.300	-69.724	
3	43.400	-69.726	
3	43.500	-69.728	
3	43.600	-69.730	
3	43.700	-69.732	
3	43.800	-69.733	
3	43.900	-69.735	
3	44.000	-69.737	
4	43.100	-69.817	
4	43.200	-69.819	
4	43.300	-69.820	
4	43.400	-69.821	
4	43.500	-69.822	
4	43.600	-69.823	
4	43.700	-69.825	
4	43.800	-69.826	
4	43.900	-69.827	
4	44.000	-69.828	
5	43.100	-69.856	
5	43.200	-69.857	
5	43.300	-69.858	
5	43.400	-69.859	
5	43.500	-69.860	
5	43.600	-69.861	
5	43.700	-69.862	
5	43.800	-69.863	
5	43.900	-69.864	
5	44.000	-69.865	
1	44.100	-69.969	
1	44.200	-69.969	
1	44.300	-69.969	
1	44.400	-69.969	
1	44.500	-69.970	
1	44.600	-69.970	
1	44.700	-69.970	
1	44.800	-69.970	
1	44.900	-69.970	
1	45.000	-69.971	
2	44.100	-69.969	
2	44.200	-69.969	
2	44.300	-69.969	
2	44.400	-69.969	
2	44.500	-69.970	
2	44.600	-69.970	
2	44.700	-69.970	
2	44.800	-69.970	
2	44.900	-69.970	
2	45.000	-69.971	
3	44.100	-69.739	
3	44.200	-69.740	
3	44.300	-69.742	
3	44.400	-69.744	
3	44.500	-69.745	
3	44.600	-69.747	
3	44.700	-69.749	
3	44.800	-69.751	
3	44.900	-69.752	
3	45.000	-69.754	
4	44.100	-69.829	
4	44.200	-69.830	
4	44.300	-69.832	
4	44.400	-69.833	
4	44.500	-69.834	
4	44.600	-69.835	
4	44.700	-69.836	
4	44.800	-69.837	
4	44.900	-69.838	
4	45.000	-69.839	
5	44.100	-69.865	
5	44.200	-69.866	
5	44.300	-69.867	
5	44.400	-69.868	
5	44.500	-69.869	
5	44.600	-69.870	
5	44.700	-69.871	
5	44.800	-69.872	
5	44.900	-69.872	
5	45.000	-69.873	
1	45.100	-69.971	
1	45.200	-69.971	
1	45.300	-69.971	
1	45.400	-69.971	
1	45.500	-69.972	
1	45.600	-69.972	
1	45.700	-69.972	
1	45.800	-69.972	
1	45.900	-69.972	
1	46.000	-69.973	
2	45.100	-69.971	
2	45.200	-69.971	
2	45.300	-69.971	
2	45.400	-69.971	
2	45.500	-69.972	
2	45.600	-69.972	
2	45.700	-69.972	
2	45.800	-69.972	
2	45.900	-69.972	
2	46.000	-69.973	
3	45.100	-69.755	
3	45.200	-69.757	
3	45.300	-69.759	
3	45.400	-69.760	
3	45.500	-69.762	
3	45.600	-69.763	
3	45.700	-69.765	
3	45.800	-69.767	
3	45.900	-69.768	
3	46.000	-69.770	
4	45.100	-69.840	
4	45.200	-69.841	
4	45.300	-69.842	
4	45.400	-69.843	
4	45.500	-69.844	
4	45.600	-69.845	
4	45.700	-69.847	
4	45.800	-69.848	
4	45.900	-69.849	
4	46.000	-69.850	
5	45.100	-69.874	
5	45.200	-69.875	
5	45.300	-69.876	
5	45.400	-69.877	
5	45.500	-69.877	
5	45.600	-69.878	
5	45.700	-69.879	
5	45.800	-69.880	
5	45.900	-69.881	
5	46.000	-69.881	
1	46.100	-69.973	
1	46.200	-69.973	
1	46.300	-69.973	
1	46.400	-69.973	
1	46.500	-69.973	
1	46.600	-69.974	
1	46.700	-69.974	
1	46.800	-69.974	
1	46.900	-69.974	
1	47.000	-69.974	
2	46.100	-69.973	
2	46.200	-69.973	
2	46.300	-69.973	
2	46.400	-69.973	
2	46.500	-69.973	
2	46.600	-69.974	
2	46.700	-69.974	
2	46.800	-69.974	
2	46.900	-69.974	
2	47.000	-69.974	
3	46.100	-69.771	
3	46.200	-69.773	
3	46.300	-69.774	
3	46.400	-69.776	
3	46.500	-69.777	
3	46.600	-69.779	
3	46.700	-69.780	
3	46.800	-69.782	
3	46.900	-69.783	
3	47.000	-69.785	
4	46.100	-69.851	
4	46.200	-69.852	
4	46.300	-69.853	
4	46.400	-69.854	
4	46.500	-69.854	
4	46.600	-69.855	
4	46.700	-69.856	
4	46.800	-69.857	
4	46.900	-69.858	
4	47.000	-69.859	
5	46.100	-69.882	
5	46.200	-69.883	
5	46.300	-69.884	
5	46.400	-69.885	
5	46.500	-69.885	
5	46.600	-69.886	
5	46.700	-69.887	
5	46.800	-69.888	
5	46.900	-69.888	
5	47.000	-69.889	
1	47.100	-69.974	
1	47.200	-69.975	
1	47.300	-69.975	
1	47.400	-69.975	
1	47.500	-69.975	
1	47.600	-69.975	
1	47.700	-69.975	
1	47.800	-69.976	
1	47.900	-69.976	
1	48.000	-69.976	
2	47.100	-69.974	
2	47.200	-69.975	
2	47.300	-69.975	
2	47.400	-69.975	
2	47.500	-69.975	
2	47.600	-69.975	
2	47.700	-69.975	
2	47.800	-69.976	
2	47.900	-69.976	
2	48.000	-69.976	
3	47.100	-69.786	
3	47.200	-69.787	
3	47.300	-69.789	
3	47.400	-69.790	
3	47.500	-69.792	
3	47.600	-69.793	
3	47.700	-69.794	
3	47.800	-69.796	
3	47.900	-69.797	
3	48.000	-69.798	
4	47.100	-69.860	
4	47.200	-69.861	
4	47.300	-69.862	
4	47.400	-69.863	
4	47.500	-69.864	
4	47.600	-69.865	
4	47.700	-69.866	
4	47.800	-69.867	
4	47.900	-69.867	
4	48.000	-69.868	
5	47.100	-69.780	
5	47.200	-69.715	
5	47.300	-69.677	
5	47.400	-69.655	
5	47.500	-69.642	
5	47.600	-69.636	
5	47.700	-69.633	
5	47.800	-69.632	
5	47.900	-69.632	
5	48.000	-69.634	
1	48.100	-69.976	
1	48.200	-69.976	
1	48.300	-69.976	
1	48.400	-69.977	
1	48.500	-69.977	
1	48.600	-69.977	
1	48.700	-69.977	
1	48.800	-69.977	
1	48.900	-69.977	
1	49.000	-69.978	
2	48.100	-69.976	
2	48.200	-69.976	
2	48.300	-69.976	
2	48.400	-69.977	
2	48.500	-69.977	
2	48.600	-69.977	
2	48.700	-69.977	
2	48.800	-69.977	
2	48.900	-69.977	
2	49.000	-69.978	
3	48.100	-69.800	
3	48.200	-69.801	
3	48.300	-69.802	
3	48.400	-69.804	
3	48.500	-69.805	
3	48.600	-69.806	
3	48.700	-69.808	
3	48.800	-69.809	
3	48.900	-69.810	
3	49.000	-69.811	
4	48.100	-69.869	
4	48.200	-69.870	
4	48.300	-69.871	
4	48.400	-69.872	
4	48.500	-69.873	
4	48.600	-69.874	
4	48.700	-69.874	
4	48.800	-69.875	
4	48.900	-69.876	
4	49.000	-69.877	
5	48.100	-69.635	
5	48.200	-69.637	
5	48.300	-69.639	
5	48.400	-69.642	
5	48.500	-69.644	
5	48.600	-69.646	
5	48.700	-69.649	
5	48.800	-69.651	
5	48.900	-69.653	
5	49.000	-69.655	
1	49.100	-69.978	
1	49.200	-69.978	
1	49.300	-69.978	
1	49.400	-69.978	
1	49.500	-69.978	
1	49.600	-69.978	
1	49.700	-69.979	
1	49.800	-69.979	
1	49.900	-69.979	
1	50.000	-69.979	
2	49.100	-69.978	
2	49.200	-69.978	
2	49.300	-69.978	
2	49.400	-69.978	
2	49.500	-69.978	
2	49.600	-69.978	
2	49.700	-69.979	
2	49.800	-69.979	
2	49.900	-69.979	
2	50.000	-69.979	
3	49.100	-69.813	
3	49.200	-69.814	
3	49.300	-69.815	
3	49.400	-69.816	
3	49.500	-69.818	
3	49.600	-69.819	
3	49.700	-69.820	
3	49.800	-69.821	
3	49.900	-69.822	
3	50.000	-69.824	
4	49.100	-69.878	
4	49.200	-69.878	
4	49.300	-69.879	
4	49.400	-69.880	
4	49.500	-69.881	
4	49.600	-69.882	
4	49.700	-69.882	
4	49.800	-69.883	
4	49.900	-69.884	
4	50.000	-69.885	
5	49.100	-69.658	
5	49.200	-69.660	
5	49.300	-69.662	
5	49.400	-69.665	
5	49.500	-69.667	
5	49.600	-69.669	
5	49.700	-69.671	
5	49.800	-69.673	
5	49.900	-69.676	
5	50.000	-69.678	
1	50.100	-69.979	
1	50.200	-69.979	
1	50.300	-69.979	
1	50.400	-69.980	
1	50.500	-69.980	
1	50.600	-69.980	
1	50.700	-69.980	
1	50.800	-69.980	
1	50.900	-69.980	
1	51.000	-69.980	
2	50.100	-69.979	
2	50.200	-69.979	
2	50.300	-69.979	
2	50.400	-69.980	
2	50.500	-69.980	
2	50.600	-69.980	
2	50.700	-69.980	
2	50.800	-69.980	
2	50.900	-69.980	
2	51.000	-69.980	
3	50.100	-69.825	
3	50.200	-69.826	
3	50.300	-69.827	
3	50.400	-69.828	
3	50.500	-69.829	
3	50.600	-69.831	
3	50.700	-69.832	
3	50.800	-69.833	
3	50.900	-69.834	
3	51.000	-69.835	
4	50.100	-69.886	
4	50.200	-69.886	
4	50.300	-69.887	
4	50.400	-69.888	
4	50.500	-69.889	
4	50.600	-69.889	
4	50.700	-69.890	
4	50.800	-69.891	
4	50.900	-69.891	
4	51.000	-69.892	
5	50.100	-69.680	
5	50.200	-69.682	
5	50.300	-69.684	
5	50.400	-69.686	
5	50.500	-69.688	
5	50.600	-69.690	
5	50.700	-69.692	
5	50.800	-69.694	
5	50.900	-69.696	
5	51.000	-69.698	
1	51.100	-69.980	
1	51.200	-69.981	
1	51.300	-69.981	
1	51.400	-69.981	
1	51.500	-69.981	
1	51.600	-69.981	
1	51.700	-69.981	
1	51.800	-69.981	
1	51.900	-69.981	
1	52.000	-69.982	
2	51.100	-69.980	
2	51.200	-69.981	
2	51.300	-69.981	
2	51.400	-69.981	
2	51.500	-69.981	
2	51.600	-69.981	
2	51.700	-69.981	
2	51.800	-69.981	
2	51.900	-69.981	
2	52.000	-69.982	
3	51.100	-69.836	
3	51.200	-69.837	
3	51.300	-69.838	
3	51.400	-69.839	
3	51.500	-69.840	
3	51.600	-69.841	
3	51.700	-69.843	
3	51.800	-69.844	
3	51.900	-69.845	
3	52.000	-69.846	
4	51.100	-69.893	
4	51.200	-69.894	
4	51.300	-69.894	
4	51.400	-69.895	
4	51.500	-69.896	
4	51.600	-69.896	
4	51.700	-69.897	
4	51.800	-69.898	
4	51.900	-69.898	
4	52.000	-69.899	
5	51.100	-69.700	
5	51.200	-69.702	
5	51.300	-69.704	
5	51.400	-69.706	
5	51.500	-69.708	
5	51.600	-69.710	
5	51.700	-69.712	
5	51.800	-69.714	
5	51.900	-69.716	
5	52.000	-69.718	
1	52.100	-69.982	
1	52.200	-69.982	
1	52.300	-69.982	
1	52.400	-69.982	
1	52.500	-69.982	
1	52.600	-69.982	
1	52.700	-69.982	
1	52.800	-69.983	
1	52.900	-69.983	
1	53.000	-69.983	
2	52.100	-69.982	
2	52.200	-69.982	
2	52.300	-69.982	
2	52.400	-69.982	
2	52.500	-69.982	
2	52.600	-69.982	
2	52.700	-69.982	
2	52.800	-69.983	
2	52.900	-69.983	
2	53.000	-69.983	
3	52.100	-69.847	
3	52.200	-69.848	
3	52.300	-69.849	
3	52.400	-69.850	
3	52.500	-69.851	
3	52.600	-69.852	
3	52.700	-69.853	
3	52.800	-69.854	
3	52.900	-69.855	
3	53.000	-69.856	
4	52.100	-69.900	
4	52.200	-69.900	
4	52.300	-69.901	
4	52.400	-69.902	
4	52.500	-69.902	
4	52.600	-69.903	
4	52.700	-69.904	
4	52.800	-69.904	
4	52.900	-69.905	
4	53.000	-69.906	
5	52.100	-69.720	
5	52.200	-69.722	
5	52.300	-69.724	
5	52.400	-69.725	
5	52.500	-69.727	
5	52.600	-69.729	
5	52.700	-69.731	
5	52.800	-69.733	
5	52.900	-69.734	
5	53.000	-69.736	
1	53.100	-69.983	
1	53.200	-69.983	
1	53.300	-69.983	
1	53.400	-69.983	
1	53.500	-69.983	
1	53.600	-69.983	
1	53.700	-69.984	
1	53.800	-69.984	
1	53.900	-69.984	
1	54.000	-69.984	
2	53.100	-69.983	
2	53.200	-69.983	
2	53.300	-69.983	
2	53.400	-69.983	
2	53.500	-69.983	
2	53.600	-69.983	
2	53.700	-69.984	
2	53.800	-69.984	
2	53.900	-69.984	
2	54.000	-69.984	
3	53.100	-69.857	
3	53.200	-69.857	
3	53.300	-69.858	
3	53.400	-69.859	
3	53.500	-69.860	
3	53.600	-69.861	
3	53.700	-69.862	
3	53.800	-69.863	
3	53.900	-69.864	
3	54.000	-69.865	
4	53.100	-69.906	
4	53.200	-69.907	
4	53.300	-69.908	
4	53.400	-69.908	
4	53.500	-69.909	
4	53.600	-69.909	
4	53.700	-69.910	
4	53.800	-69.911	
4	53.900	-69.911	
4	54.000	-69.912	
5	53.100	-69.738	
5	53.200	-69.740	
5	53.300	-69.741	
5	53.400	-69.743	
5	53.500	-69.745	
5	53.600	-69.746	
5	53.700	-69.748	
5	53.800	-69.750	
5	53.900	-69.751	
5	54.000	-69.753	
1	54.100	-69.984	
1	54.200	-69.984	
1	54.300	-69.984	
1	54.400	-69.984	
1	54.500	-69.984	
1	54.600	-69.985	
1	54.700	-69.985	
1	54.800	-69.985	
1	54.900	-69.985	
1	55.000	-69.985	
2	54.100	-69.984	
2	54.200	-69.984	
2	54.300	-69.984	
2	54.400	-69.984	
2	54.500	-69.984	
2	54.600	-69.985	
2	54.700	-69.985	
2	54.800	-69.985	
2	54.900	-69.985	
2	55.000	-69.985	
3	54.100	-69.866	
3	54.200	-69.867	
3	54.300	-69.868	
3	54.400	-69.868	
3	54.500	-69.869	
3	54.600	-69.870	
3	54.700	-69.871	
3	54.800	-69.872	
3	54.900	-69.873	
3	55.000	-69.874	
4	54.100	-69.912	
4	54.200	-69.913	
4	54.300	-69.913	
4	54.400	-69.914	
4	54.500	-69.915	
4	54.600	-69.915	
4	54.700	-69.916	
4	54.800	-69.916	
4	54.900	-69.917	
4	55.000	-69.917	
5	54.100	-69.755	
5	54.200	-69.756	
5	54.300	-69.758	
5	54.400	-69.760	
5	54.500	-69.761	
5	54.600	-69.763	
5	54.700	-69.764	
5	54.800	-69.766	
5	54.900	-69.768	
5	55.000	-69.769	
1	55.100	-69.985	
1	55.200	-69.985	
1	55.300	-69.985	
1	55.400	-69.985	
1	55.500	-69.985	
1	55.600	-69.986	
1	55.700	-69.986	
1	55.800	-69.986	
1	55.900	-69.986	
1	56.000	-69.986	
2	55.100	-69.985	
2	55.200	-69.985	
2	55.300	-69.985	
2	55.400	-69.985	
2	55.500	-69.985	
2	55.600	-69.986	
2	55.700	-69.986	
2	55.800	-69.986	
2	55.900	-69.986	
2	56.000	-69.986	
3	55.100	-69.874	
3	55.200	-69.875	
3	55.300	-69.876	
3	55.400	-69.877	
3	55.500	-69.878	
3	55.600	-69.879	
3	55.700	-69.879	
3	55.800	-69.880	
3	55.900	-69.881	
3	56.000	-69.882	
4	55.100	-69.918	
4	55.200	-69.919	
4	55.300	-69.919	
4	55.400	-69.920	
4	55.500	-69.920	
4	55.600	-69.921	
4	55.700	-69.921	
4	55.800	-69.922	
4	55.900	-69.922	
4	56.000	-69.923	
5	55.100	-69.771	
5	55.200	-69.772	
5	55.300	-69.774	
5	55.400	-69.775	
5	55.500	-69.777	
5	55.600	-69.778	
5	55.700	-69.780	
5	55.800	-69.781	
5	55.900	-69.783	
5	56.000	-69.784	
1	56.100	-69.986	
1	56.200	-69.986	
1	56.300	-69.986	
1	56.400	-69.986	
1	56.500	-69.986	
1	56.600	-69.986	
1	56.700	-69.987	
1	56.800	-69.987	
1	56.900	-69.987	
1	57.000	-69.987	
2	56.100	-69.876	
2	56.200	-69.811	
2	56.300	-69.772	
2	56.400	-69.749	
2	56.500	-69.736	
2	56.600	-69.728	
2	56.700	-69.725	
2	56.800	-69.723	
2	56.900	-69.723	
2	57.000	-69.724	
3	56.100	-69.883	
3	56.200	-69.883	
3	56.300	-69.884	
3	56.400	-69.885	
3	56.500	-69.886	
3	56.600	-69.886	
3	56.700	-69.887	
3	56.800	-69.888	
3	56.900	-69.889	
3	57.000	-69.889	
4	56.100	-69.814	
4	56.200	-69.749	
4	56.300	-69.710	
4	56.400	-69.688	
4	56.500	-69.675	
4	56.600	-69.668	
4	56.700	-69.665	
4	56.800	-69.664	
4	56.900	-69.664	
4	57.000	-69.665	
5	56.100	-69.785	
5	56.200	-69.787	
5	56.300	-69.788	
5	56.400	-69.790	
5	56.500	-69.791	
5	56.600	-69.792	
5	56.700	-69.794	
5	56.800	-69.795	
5	56.900	-69.797	
5	57.000	-69.798	
1	57.100	-69.987	
1	57.200	-69.987	
1	57.300	-69.987	
1	57.400	-69.987	
1	57.500	-69.987	
1	57.600	-69.987	
1	57.700	-69.987	
1	57.800	-69.987	
1	57.900	-69.988	
1	58.000	-69.988	
2	57.100	-69.725	
2	57.200	-69.726	
2	57.300	-69.728	
2	57.400	-69.729	
2	57.500	-69.731	
2	57.600	-69.733	
2	57.700	-69.735	
2	57.800	-69.736	
2	57.900	-69.738	
2	58.000	-69.740	
3	57.100	-69.890	
3	57.200	-69.891	
3	57.300	-69.892	
3	57.400	-69.892	
3	57.500	-69.893	
3	57.600	-69.894	
3	57.700	-69.894	
3	57.800	-69.895	
3	57.900	-69.896	
3	58.000	-69.897	
4	57.100	-69.666	
4	57.200	-69.668	
4	57.300	-69.670	
4	57.400	-69.672	
4	57.500	-69.674	
4	57.600	-69.676	
4	57.700	-69.678	
4	57.800	-69.681	
4	57.900	-69.683	
4	58.000	-69.685	
5	57.100	-69.799	
5	57.200	-69.801	
5	57.300	-69.802	
5	57.400	-69.803	
5	57.500	-69.805	
5	57.600	-69.806	
5	57.700	-69.807	
5	57.800	-69.808	
5	57.900	-69.810	
5	58.000	-69.811	
1	58.100	-69.988	
1	58.200	-69.988	
1	58.300	-69.988	
1	58.400	-69.988	
1	58.500	-69.988	
1	58.600	-69.988	
1	58.700	-69.988	
1	58.800	-69.988	
1	58.900	-69.988	
1	59.000	-69.988	
2	58.100	-69.742	
2	58.200	-69.743	
2	58.300	-69.745	
2	58.400	-69.747	
2	58.500	-69.748	
2	58.600	-69.750	
2	58.700	-69.752	
2	58.800	-69.753	
2	58.900	-69.755	
2	59.000	-69.757	
3	58.100	-69.897	
3	58.200	-69.898	
3	58.300	-69.899	
3	58.400	-69.899	
3	58.500	-69.900	
3	58.600	-69.901	
3	58.700	-69.901	
3	58.800	-69.902	
3	58.900	-69.903	
3	59.000	-69.903	
4	58.100	-69.687	
4	58.200	-69.689	
4	58.300	-69.691	
4	58.400	-69.693	
4	58.500	-69.695	
4	58.600	-69.697	
4	58.700	-69.699	
4	58.800	-69.701	
4	58.900	-69.703	
4	59.000	-69.705	
5	58.100	-69.812	
5	58.200	-69.813	
5	58.300	-69.815	
5	58.400	-69.816	
5	58.500	-69.817	
5	58.600	-69.818	
5	58.700	-69.820	
5	58.800	-69.821	
5	58.900	-69.822	
5	59.000	-69.823	
1	59.100	-69.989	
1	59.200	-69.989	
1	59.300	-69.989	
1	59.400	-69.989	
1	59.500	-69.989	
1	59.600	-69.989	
1	59.700	-69.989	
1	59.800	-69.989	
1	59.900	-69.989	
1	60.000	-69.989	
2	59.100	-69.758	
2	59.200	-69.760	
2	59.300	-69.761	
2	59.400	-69.763	
2	59.500	-69.765	
2	59.600	-69.766	
2	59.700	-69.768	
2	59.800	-69.769	
2	59.900	-69.771	
2	60.000	-69.772	
3	59.100	-69.904	
3	59.200	-69.904	
3	59.300	-69.905	
3	59.400	-69.906	
3	59.500	-69.906	
3	59.600	-69.907	
3	59.700	-69.908	
3	59.800	-69.908	
3	59.900	-69.909	
3	60.000	-69.909	
4	59.100	-69.707	
4	59.200	-69.709	
4	59.300	-69.711	
4	59.400	-69.713	
4	59.500	-69.715	
4	59.600	-69.717	
4	59.700	-69.719	
4	59.800	-69.720	
4	59.900	-69.722	
4	60.000	-69.724	
5	59.100	-69.824	
5	59.200	-69.825	
5	59.300	-69.827	
5	59.400	-69.828	
5	59.500	-69.829	
5	59.600	-69.830	
5	59.700	-69.831	
5	59.800	-69.832	
5	59.900	-69.833	
5	60.000	-69.835	
1	60.100	-69.989	
1	60.200	-69.989	
1	60.300	-69.989	
1	60.400	-69.989	
1	60.500	-69.990	
1	60.600	-69.990	
1	60.700	-69.990	
1	60.800	-69.990	
1	60.900	-69.990	
1	61.000	-69.990	
2	60.100	-69.774	
2	60.200	-69.775	
2	60.300	-69.777	
2	60.400	-69.778	
2	60.500	-69.780	
2	60.600	-69.781	
2	60.700	-69.783	
2	60.800	-69.784	
2	60.900	-69.786	
2	61.000	-69.787	
3	60.100	-69.910	
3	60.200	-69.911	
3	60.300	-69.911	
3	60.400	-69.912	
3	60.500	-69.912	
3	60.600	-69.913	
3	60.700	-69.914	
3	60.800	-69.914	
3	60.900	-69.915	
3	61.000	-69.915	
4	60.100	-69.726	
4	60.200	-69.728	
4	60.300	-69.730	
4	60.400	-69.731	
4	60.500	-69.733	
4	60.600	-69.735	
4	60.700	-69.737	
4	60.800	-69.738	
4	60.900	-69.740	
4	61.000	-69.742	
5	60.100	-69.836	
5	60.200	-69.837	
5	60.300	-69.838	
5	60.400	-69.839	
5	60.500	-69.840	
5	60.600	-69.841	
5	60.700	-69.842	
5	60.800	-69.843	
5	60.900	-69.844	
5	61.000	-69.845	
1	61.100	-69.990	
1	61.200	-69.990	
1	61.300	-69.990	
1	61.400	-69.990	
1	61.500	-69.990	
1	61.600	-69.990	
1	61.700	-69.990	
1	61.800	-69.990	
1	61.900	-69.990	
1	62.000	-69.991	
2	61.100	-69.788	
2	61.200	-69.790	
2	61.300	-69.791	
2	61.400	-69.793	
2	61.500	-69.794	
2	61.600	-69.795	
2	61.700	-69.797	
2	61.800	-69.798	
2	61.900	-69.799	
2	62.000	-69.801	
3	61.100	-69.916	
3	61.200	-69.916	
3	61.300	-69.917	
3	61.400	-69.918	
3	61.500	-69.918	
3	61.600	-69.919	
3	61.700	-69.919	
3	61.800	-69.920	
3	61.900	-69.920	
3	62.000	-69.921	
4	61.100	-69.744	
4	61.200	-69.745	
4	61.300	-69.747	
4	61.400	-69.749	
4	61.500	-69.750	
4	61.600	-69.752	
4	61.700	-69.754	
4	61.800	-69.755	
4	61.900	-69.757	
4	62.000	-69.759	
5	61.100	-69.846	
5	61.200	-69.847	
5	61.300	-69.848	
5	61.400	-69.849	
5	61.500	-69.850	
5	61.600	-69.851	
5	61.700	-69.852	
5	61.800	-69.853	
5	61.900	-69.854	
5	62.000	-69.855	
1	62.100	-69.991	
1	62.200	-69.991	
1	62.300	-69.991	
1	62.400	-69.991	
1	62.500	-69.991	
1	62.600	-69.991	
1	62.700	-69.991	
1	62.800	-69.991	
1	62.900	-69.991	
1	63.000	-69.991	
2	62.100	-69.802	
2	62.200	-69.803	
2	62.300	-69.805	
2	62.400	-69.806	
2	62.500	-69.807	
2	62.600	-69.809	
2	62.700	-69.810	
2	62.800	-69.811	
2	62.900	-69.812	
2	63.000	-69.814	
3	62.100	-69.921	
3	62.200	-69.922	
3	62.300	-69.922	
3	62.400	-69.923	
3	62.500	-69.923	
3	62.600	-69.924	
3	62.700	-69.924	
3	62.800	-69.925	
3	62.900	-69.925	
3	63.000	-69.926	
4	62.100	-69.760	
4	62.200	-69.762	
4	62.300	-69.763	
4	62.400	-69.765	
4	62.500	-69.766	
4	62.600	-69.768	
4	62.700	-69.770	
4	62.800	-69.771	
4	62.900	-69.773	
4	63.000	-69.774	
5	62.100	-69.856	
5	62.200	-69.857	
5	62.300	-69.858	
5	62.400	-69.859	
5	62.500	-69.860	
5	62.600	-69.861	
5	62.700	-69.862	
5	62.800	-69.863	
5	62.900	-69.864	
5	63.000	-69.865	
1	63.100	-69.991	
1	63.200	-69.991	
1	63.300	-69.991	
1	63.400	-69.991	
1	63.500	-69.991	
1	63.600	-69.992	
1	63.700	-69.992	
1	63.800	-69.992	
1	63.900	-69.992	
1	64.000	-69.992	
2	63.100	-69.815	
2	63.200	-69.816	
2	63.300	-69.817	
2	63.400	-69.818	
2	63.500	-69.820	
2	63.600	-69.821	
2	63.700	-69.822	
2	63.800	-69.823	
2	63.900	-69.824	
2	64.000	-69.826	
3	63.100	-69.926	
3	63.200	-69.927	
3	63.300	-69.927	
3	63.400	-69.928	
3	63.500	-69.928	
3	63.600	-69.929	
3	63.700	-69.929	
3	63.800	-69.930	
3	63.900	-69.930	
3	64.000	-69.931	
4	63.100	-69.776	
4	63.200	-69.777	
4	63.300	-69.779	
4	63.400	-69.780	
4	63.500	-69.782	
4	63.600	-69.783	
4	63.700	-69.784	
4	63.800	-69.786	
4	63.900	-69.787	
4	64.000	-69.789	
5	63.100	-69.865	
5	63.200	-69.866	
5	63.300	-69.867	
5	63.400	-69.868	
5	63.500	-69.869	
5	63.600	-69.870	
5	63.700	-69.871	
5	63.800	-69.872	
5	63.900	-69.872	
5	64.000	-69.873	
1	64.100	-69.992	
1	64.200	-69.992	
1	64.300	-69.992	
1	64.400	-69.992	
1	64.500	-69.992	
1	64.600	-69.992	
1	64.700	-69.992	
1	64.800	-69.992	
1	64.900	-69.992	
1	65.000	-69.992	
2	64.100	-69.827	
2	64.200	-69.828	
2	64.300	-69.829	
2	64.400	-69.830	
2	64.500	-69.831	
2	64.600	-69.832	
2	64.700	-69.834	
2	64.800	-69.835	
2	64.900	-69.836	
2	65.000	-69.837	
3	64.100	-69.931	
3	64.200	-69.932	
3	64.300	-69.932	
3	64.400	-69.932	
3	64.500	-69.933	
3	64.600	-69.933	
3	64.700	-69.934	
3	64.800	-69.934	
3	64.900	-69.935	
3	65.000	-69.935	
4	64.100	-69.790	
4	64.200	-69.792	
4	64.300	-69.793	
4	64.400	-69.794	
4	64.500	-69.796	
4	64.600	-69.797	
4	64.700	-69.798	
4	64.800	-69.800	
4	64.900	-69.801	
4	65.000	-69.802	
5	64.100	-69.874	
5	64.200	-69.875	
5	64.300	-69.876	
5	64.400	-69.877	
5	64.500	-69.877	
5	64.600	-69.878	
5	64.700	-69.879	
5	64.800	-69.880	
5	64.900	-69.881	
5	65.000	-69.881	
1	65.100	-69.992	
1	65.200	-69.992	
1	65.300	-69.992	
1	65.400	-69.992	
1	65.500	-69.993	
1	65.600	-69.993	
1	65.700	-69.993	
1	65.800	-69.993	
1	65.900	-69.993	
1	66.000	-69.993	
2	65.100	-69.838	
2	65.200	-69.839	
2	65.300	-69.840	
2	65.400	-69.841	
2	65.500	-69.842	
2	65.600	-69.843	
2	65.700	-69.844	
2	65.800	-69.845	
2	65.900	-69.846	
2	66.000	-69.847	
3	65.100	-69.936	
3	65.200	-69.936	
3	65.300	-69.936	
3	65.400	-69.937	
3	65.500	-69.937	
3	65.600	-69.938	
3	65.700	-69.938	
3	65.800	-69.938	
3	65.900	-69.939	
3	66.000	-69.939	
4	65.100	-69.804	
4	65.200	-69.805	
4	65.300	-69.806	
4	65.400	-69.808	
4	65.500	-69.809	
4	65.600	-69.810	
4	65.700	-69.811	
4	65.800	-69.813	
4	65.900	-69.814	
4	66.000	-69.815	
5	65.100	-69.773	
5	65.200	-69.708	
5	65.300	-69.670	
5	65.400	-69.647	
5	65.500	-69.635	
5	65.600	-69.628	
5	65.700	-69.626	
5	65.800	-69.625	
5	65.900	-69.625	
5	66.000	-69.626	
1	66.100	-69.993	
1	66.200	-69.993	
1	66.300	-69.993	
1	66.400	-69.993	
1	66.500	-69.993	
1	66.600	-69.993	
1	66.700	-69.993	
1	66.800	-69.993	
1	66.900	-69.993	
1	67.000	-69.993	
2	66.100	-69.848	
2	66.200	-69.849	
2	66.300	-69.850	
2	66.400	-69.851	
2	66.500	-69.852	
2	66.600	-69.853	
2	66.700	-69.854	
2	66.800	-69.855	
2	66.900	-69.856	
2	67.000	-69.857	
3	66.100	-69.940	
3	66.200	-69.940	
3	66.300	-69.940	
3	66.400	-69.941	
3	66.500	-69.941	
3	66.600	-69.942	
3	66.700	-69.942	
3	66.800	-69.942	
3	66.900	-69.943	
3	67.000	-69.943	
4	66.100	-69.816	
4	66.200	-69.818	
4	66.300	-69.819	
4	66.400	-69.820	
4	66.500	-69.821	
4	66.600	-69.822	
4	66.700	-69.824	
4	66.800	-69.825	
4	66.900	-69.826	
4	67.000	-69.827	
5	66.100	-69.628	
5	66.200	-69.630	
5	66.300	-69.632	
5	66.400	-69.635	
5	66.500	-69.637	
5	66.600	-69.639	
5	66.700	-69.642	
5	66.800	-69.644	
5	66.900	-69.646	
5	67.000	-69.649	
1	67.100	-69.993	
1	67.200	-69.993	
1	67.300	-69.993	
1	67.400	-69.993	
1	67.500	-69.993	
1	67.600	-69.993	
1	67.700	-69.994	
1	67.800	-69.994	
1	67.900	-69.994	
1	68.000	-69.994	
2	67.100	-69.858	
2	67.200	-69.859	
2	67.300	-69.860	
2	67.400	-69.861	
2	67.500	-69.862	
2	67.600	-69.863	
2	67.700	-69.864	
2	67.800	-69.865	
2	67.900	-69.866	
2	68.000	-69.866	
3	67.100	-69.944	
3	67.200	-69.944	
3	67.300	-69.944	
3	67.400	-69.945	
3	67.500	-69.945	
3	67.600	-69.945	
3	67.700	-69.946	
3	67.800	-69.946	
3	67.900	-69.947	
3	68.000	-69.947	
4	67.100	-69.828	
4	67.200	-69.829	
4	67.300	-69.830	
4	67.400	-69.832	
4	67.500	-69.833	
4	67.600	-69.834	
4	67.700	-69.835	
4	67.800	-69.836	
4	67.900	-69.837	
4	68.000	-69.838	
5	67.100	-69.651	
5	67.200	-69.653	
5	67.300	-69.656	
5	67.400	-69.658	
5	67.500	-69.660	
5	67.600	-69.663	
5	67.700	-69.665	
5	67.800	-69.667	
5	67.900	-69.669	
5	68.000	-69.671	
1	68.100	-69.994	
1	68.200	-69.994	
1	68.300	-69.994	
1	68.400	-69.994	
1	68.500	-69.994	
1	68.600	-69.994	
1	68.700	-69.994	
1	68.800	-69.994	
1	68.900	-69.994	
1	69.000	-69.994	
2	68.100	-69.867	
2	68.200	-69.868	
2	68.300	-69.869	
2	68.400	-69.870	
2	68.500	-69.871	
2	68.600	-69.872	
2	68.700	-69.873	
2	68.800	-69.873	
2	68.900	-69.874	
2	69.000	-69.875	
3	68.100	-69.947	
3	68.200	-69.948	
3	68.300	-69.948	
3	68.400	-69.948	
3	68.500	-69.949	
3	68.600	-69.949	
3	68.700	-69.949	
3	68.800	-69.950	
3	68.900	-69.950	
3	69.000	-69.950	
4	68.100	-69.839	
4	68.200	-69.840	
4	68.300	-69.841	
4	68.400	-69.842	
4	68.500	-69.843	
4	68.600	-69.845	
4	68.700	-69.846	
4	68.800	-69.847	
4	68.900	-69.848	
4	69.000	-69.849	
5	68.100	-69.674	
5	68.200	-69.676	
5	68.300	-69.678	
5	68.400	-69.680	
5	68.500	-69.682	
5	68.600	-69.684	
5	68.700	-69.686	
5	68.800	-69.688	
5	68.900	-69.691	
5	69.000	-69.693	
1	69.100	-69.994	
1	69.200	-69.994	
1	69.300	-69.994	
1	69.400	-69.994	
1	69.500	-69.994	
1	69.600	-69.994	
1	69.700	-69.994	
1	69.800	-69.994	
1	69.900	-69.994	
1	70.000	-69.994	
2	69.100	-69.876	
2	69.200	-69.877	
2	69.300	-69.878	
2	69.400	-69.878	
2	69.500	-69.879	
2	69.600	-69.880	
2	69.700	-69.881	
2	69.800	-69.882	
2	69.900	-69.882	
2	70.000	-69.883	
3	69.100	-69.951	
3	69.200	-69.951	
3	69.300	-69.951	
3	69.400	-69.952	
3	69.500	-69.952	
3	69.600	-69.952	
3	69.700	-69.953	
3	69.800	-69.953	
3	69.900	-69.953	
3	70.000	-69.954	
4	69.100	-69.850	
4	69.200	-69.851	
4	69.300	-69.852	
4	69.400	-69.853	
4	69.500	-69.854	
4	69.600	-69.855	
4	69.700	-69.856	
4	69.800	-69.856	
4	69.900	-69.857	
4	70.000	-69.858	
5	69.100	-69.695	
5	69.200	-69.697	
5	69.300	-69.699	
5	69.400	-69.701	
5	69.500	-69.703	
5	69.600	-69.705	
5	69.700	-69.707	
5	69.800	-69.709	
5	69.900	-69.711	
5	70.000	-69.712	
1	70.100	-69.994	
1	70.200	-69.995	
1	70.300	-69.995	
1	70.400	-69.995	
1	70.500	-69.995	
1	70.600	-69.995	
1	70.700	-69.995	
1	70.800	-69.995	
1	70.900	-69.995	
1	71.000	-69.995	
2	70.100	-69.884	
2	70.200	-69.885	
2	70.300	-69.885	
2	70.400	-69.886	
2	70.500	-69.887	
2	70.600	-69.888	
2	70.700	-69.888	
2	70.800	-69.889	
2	70.900	-69.890	
2	71.000	-69.891	
3	70.100	-69.954	
3	70.200	-69.954	
3	70.300	-69.954	
3	70.400	-69.955	
3	70.500	-69.955	
3	70.600	-69.955	
3	70.700	-69.956	
3	70.800	-69.956	
3	70.900	-69.956	
3	71.000	-69.957	
4	70.100	-69.859	
4	70.200	-69.860	
4	70.300	-69.861	
4	70.400	-69.862	
4	70.500	-69.863	
4	70.600	-69.864	
4	70.700	-69.865	
4	70.800	-69.866	
4	70.900	-69.867	
4	71.000	-69.868	
5	70.100	-69.714	
5	70.200	-69.716	
5	70.300	-69.718	
5	70.400	-69.720	
5	70.500	-69.722	
5	70.600	-69.724	
5	70.700	-69.726	
5	70.800	-69.727	
5	70.900	-69.729	
5	71.000	-69.731	
1	71.100	-69.995	
1	71.200	-69.995	
1	71.300	-69.995	
1	71.400	-69.995	
1	71.500	-69.995	
1	71.600	-69.995	
1	71.700	-69.995	
1	71.800	-69.995	
1	71.900	-69.995	
1	72.000	-69.995	
2	71.100	-69.891	
2	71.200	-69.892	
2	71.300	-69.893	
2	71.400	-69.894	
2	71.500	-69.894	
2	71.600	-69.895	
2	71.700	-69.896	
2	71.800	-69.896	
2	71.900	-69.897	
2	72.000	-69.898	
3	71.100	-69.847	
3	71.200	-69.782	
3	71.300	-69.743	
3	71.400	-69.720	
3	71.500	-69.707	
3	71.600	-69.700	
3	71.700	-69.697	
3	71.800	-69.696	
3	71.900	-69.696	
3	72.000	-69.696	
4	71.100	-69.868	
4	71.200	-69.869	
4	71.300	-69.870	
4	71.400	-69.871	
4	71.500	-69.872	
4	71.600	-69.873	
4	71.700	-69.874	
4	71.800	-69.874	
4	71.900	-69.875	
4	72.000	-69.876	
5	71.100	-69.733	
5	71.200	-69.735	
5	71.300	-69.736	
5	71.400	-69.738	
5	71.500	-69.740	
5	71.600	-69.742	
5	71.700	-69.743	
5	71.800	-69.745	
5	71.900	-69.747	
5	72.000	-69.748	
1	72.100	-69.995	
1	72.200	-69.995	
1	72.300	-69.995	
1	72.400	-69.995	
1	72.500	-69.995	
1	72.600	-69.995	
1	72.700	-69.995	
1	72.800	-69.995	
1	72.900	-69.995	
1	73.000	-69.995	
2	72.100	-69.898	
2	72.200	-69.899	
2	72.300	-69.900	
2	72.400	-69.900	
2	72.500	-69.901	
2	72.600	-69.902	
2	72.700	-69.902	
2	72.800	-69.903	
2	72.900	-69.904	
2	73.000	-69.904	
3	72.100	-69.698	
3	72.200	-69.699	
3	72.300	-69.701	
3	72.400	-69.703	
3	72.500	-69.705	
3	72.600	-69.707	
3	72.700	-69.709	
3	72.800	-69.710	
3	72.900	-69.712	
3	73.000	-69.714	
4	72.100	-69.877	
4	72.200	-69.878	
4	72.300	-69.879	
4	72.400	-69.879	
4	72.500	-69.880	
4	72.600	-69.881	
4	72.700	-69.882	
4	72.800	-69.882	
4	72.900	-69.883	
4	73.000	-69.884	
5	72.100	-69.750	
5	72.200	-69.752	
5	72.300	-69.753	
5	72.400	-69.755	
5	72.500	-69.757	
5	72.600	-69.758	
5	72.700	-69.760	
5	72.800	-69.761	
5	72.900	-69.763	
5	73.000	-69.765	
1	73.100	-69.995	
1	73.200	-69.996	
1	73.300	-69.996	
1	73.400	-69.996	
1	73.500	-69.996	
1	73.600	-69.996	
1	73.700	-69.996	
1	73.800	-69.996	
1	73.900	-69.996	
1	74.000	-69.996	
2	73.100	-69.905	
2	73.200	-69.906	
2	73.300	-69.906	
2	73.400	-69.907	
2	73.500	-69.907	
2	73.600	-69.908	
2	73.700	-69.909	
2	73.800	-69.909	
2	73.900	-69.910	
2	74.000	-69.910	
3	73.100	-69.716	
3	73.200	-69.718	
3	73.300	-69.720	
3	73.400	-69.722	
3	73.500	-69.724	
3	73.600	-69.725	
3	73.700	-69.727	
3	73.800	-69.729	
3	73.900	-69.731	
3	74.000	-69.733	
4	73.100	-69.885	
4	73.200	-69.886	
4	73.300	-69.886	
4	73.400	-69.887	
4	73.500	-69.888	
4	73.600	-69.889	
4	73.700	-69.889	
4	73.800	-69.890	
4	73.900	-69.891	
4	74.000	-69.892	
5	73.100	-69.766	
5	73.200	-69.768	
5	73.300	-69.769	
5	73.400	-69.771	
5	73.500	-69.772	
5	73.600	-69.774	
5	73.700	-69.775	
5	73.800	-69.777	
5	73.900	-69.778	
5	74.000	-69.780	
1	74.100	-69.996	
1	74.200	-69.996	
1	74.300	-69.996	
1	74.400	-69.996	
1	74.500	-69.996	
1	74.600	-69.996	
1	74.700	-69.996	
1	74.800	-69.996	
1	74.900	-69.996	
1	75.000	-69.996	
2	74.100	-69.911	
2	74.200	-69.912	
2	74.300	-69.912	
2	74.400	-69.913	
2	74.500	-69.913	
2	74.600	-69.914	
2	74.700	-69.915	
2	74.800	-69.915	
2	74.900	-69.916	
2	75.000	-69.916	
3	74.100	-69.734	
3	74.200	-69.736	
3	74.300	-69.738	
3	74.400	-69.740	
3	74.500	-69.741	
3	74.600	-69.743	
3	74.700	-69.745	
3	74.800	-69.747	
3	74.900	-69.748	
3	75.000	-69.750	
4	74.100	-69.892	
4	74.200	-69.893	
4	74.300	-69.894	
4	74.400	-69.894	
4	74.500	-69.895	
4	74.600	-69.896	
4	74.700	-69.896	
4	74.800	-69.897	
4	74.900	-69.898	
4	75.000	-69.899	
5	74.100	-69.781	
5	74.200	-69.783	
5	74.300	-69.784	
5	74.400	-69.786	
5	74.500	-69.787	
5	74.600	-69.788	
5	74.700	-69.790	
5	74.800	-69.791	
5	74.900	-69.793	
5	75.000	-69.794	
1	75.100	-69.996	
1	75.200	-69.996	
1	75.300	-69.996	
1	75.400	-69.996	
1	75.500	-69.996	
1	75.600	-69.996	
1	75.700	-69.996	
1	75.800	-69.996	
1	75.900	-69.996	
1	76.000	-69.996	
2	75.100	-69.917	
2	75.200	-69.917	
2	75.300	-69.918	
2	75.400	-69.918	
2	75.500	-69.919	
2	75.600	-69.920	
2	75.700	-69.920	
2	75.800	-69.921	
2	75.900	-69.921	
2	76.000	-69.922	
3	75.100	-69.752	
3	75.200	-69.753	
3	75.300	-69.755	
3	75.400	-69.756	
3	75.500	-69.758	
3	75.600	-69.760	
3	75.700	-69.761	
3	75.800	-69.763	
3	75.900	-69.764	
3	76.000	-69.766	
4	75.100	-69.899	
4	75.200	-69.900	
4	75.300	-69.901	
4	75.400	-69.901	
4	75.500	-69.902	
4	75.600	-69.902	
4	75.700	-69.903	
4	75.800	-69.904	
4	75.900	-69.904	
4	76.000	-69.905	
5	75.100	-69.795	
5	75.200	-69.797	
5	75.300	-69.798	
5	75.400	-69.799	
5	75.500	-69.801	
5	75.600	-69.802	
5	75.700	-69.803	
5	75.800	-69.805	
5	75.900	-69.806	
5	76.000	-69.807	
1	76.100	-69.996	
1	76.200	-69.996	
1	76.300	-69.996	
1	76.400	-69.996	
1	76.500	-69.996	
1	76.600	-69.996	
1	76.700	-69.996	
1	76.800	-69.996	
1	76.900	-69.996	
1	77.000	-69.997	
2	76.100	-69.922	
2	76.200	-69.923	
2	76.300	-69.923	
2	76.400	-69.924	
2	76.500	-69.924	
2	76.600	-69.925	
2	76.700	-69.925	
2	76.800	-69.926	
2	76.900	-69.926	
2	77.000	-69.927	
3	76.100	-69.768	
3	76.200	-69.769	
3	76.300	-69.771	
3	76.400	-69.772	
3	76.500	-69.774	
3	76.600	-69.775	
3	76.700	-69.777	
3	76.800	-69.778	
3	76.900	-69.780	
3	77.000	-69.781	
4	76.100	-69.906	
4	76.200	-69.906	
4	76.300	-69.907	
4	76.400	-69.908	
4	76.500	-69.908	
4	76.600	-69.909	
4	76.700	-69.909	
4	76.800	-69.910	
4	76.900	-69.911	
4	77.000	-69.911	
5	76.100	-69.809	
5	76.200	-69.810	
5	76.300	-69.811	
5	76.400	-69.812	
5	76.500	-69.814	
5	76.600	-69.815	
5	76.700	-69.816	
5	76.800	-69.817	
5	76.900	-69.818	
5	77.000	-69.820	
1	77.100	-69.997	
1	77.200	-69.997	
1	77.300	-69.997	
1	77.400	-69.997	
1	77.500	-69.997	
1	77.600	-69.997	
1	77.700	-69.997	
1	77.800	-69.997	
1	77.900	-69.997	
1	78.000	-69.997	
2	77.100	-69.927	
2	77.200	-69.928	
2	77.300	-69.928	
2	77.400	-69.929	
2	77.500	-69.929	
2	77.600	-69.930	
2	77.700	-69.930	
2	77.800	-69.931	
2	77.900	-69.931	
2	78.000	-69.931	
3	77.100	-69.783	
3	77.200	-69.784	
3	77.300	-69.785	
3	77.400	-69.787	
3	77.500	-69.788	
3	77.600	-69.790	
3	77.700	-69.791	
3	77.800	-69.792	
3	77.900	-69.794	
3	78.000	-69.795	
4	77.100	-69.912	
4	77.200	-69.912	
4	77.300	-69.913	
4	77.400	-69.914	
4	77.500	-69.914	
4	77.600	-69.915	
4	77.700	-69.915	
4	77.800	-69.916	
4	77.900	-69.916	
4	78.000	-69.917	
5	77.100	-69.821	
5	77.200	-69.822	
5	77.300	-69.823	
5	77.400	-69.824	
5	77.500	-69.826	
5	77.600	-69.827	
5	77.700	-69.828	
5	77.800	-69.829	
5	77.900	-69.830	
5	78.000	-69.831	
1	78.100	-69.997	
1	78.200	-69.997	
1	78.300	-69.997	
1	78.400	-69.997	
1	78.500	-69.997	
1	78.600	-69.997	
1	78.700	-69.997	
1	78.800	-69.997	
1	78.900	-69.997	
1	79.000	-69.997	
2	78.100	-69.932	
2	78.200	-69.932	
2	78.300	-69.933	
2	78.400	-69.933	
2	78.500	-69.934	
2	78.600	-69.934	
2	78.700	-69.935	
2	78.800	-69.935	
2	78.900	-69.935	
2	79.000	-69.936	
3	78.100	-69.797	
3	78.200	-69.798	
3	78.300	-69.799	
3	78.400	-69.801	
3	78.500	-69.802	
3	78.600	-69.803	
3	78.700	-69.805	
3	78.800	-69.806	
3	78.900	-69.807	
3	79.000	-69.808	
4	78.100	-69.917	
4	78.200	-69.918	
4	78.300	-69.919	
4	78.400	-69.919	
4	78.500	-69.920	
4	78.600	-69.811	
4	78.700	-69.745	
4	78.800	-69.707	
4	78.900	-69.685	
4	79.000	-69.672	
5	78.100	-69.832	
5	78.200	-69.834	
5	78.300	-69.835	
5	78.400	-69.836	
5	78.500	-69.837	
5	78.600	-69.838	
5	78.700	-69.839	
5	78.800	-69.840	
5	78.900	-69.841	
5	79.000	-69.842	
1	79.100	-69.997	
1	79.200	-69.997	
1	79.300	-69.997	
1	79.400	-69.997	
1	79.500	-69.997	
1	79.600	-69.997	
1	79.700	-69.997	
1	79.800	-69.997	
1	79.900	-69.997	
1	80.000	-69.997	
2	79.100	-69.936	
2	79.200	-69.937	
2	79.300	-69.937	
2	79.400	-69.938	
2	79.500	-69.938	
2	79.600	-69.938	
2	79.700	-69.939	
2	79.800	-69.939	
2	79.900	-69.940	
2	80.000	-69.940	
3	79.100	-69.810	
3	79.200	-69.811	
3	79.300	-69.812	
3	79.400	-69.813	
3	79.500	-69.815	
3	79.600	-69.816	
3	79.700	-69.817	
3	79.800	-69.818	
3	79.900	-69.820	
3	80.000	-69.821	
4	79.100	-69.665	
4	79.200	-69.662	
4	79.300	-69.661	
4	79.400	-69.661	
4	79.500	-69.662	
4	79.600	-69.664	
4	79.700	-69.665	
4	79.800	-69.667	
4	79.900	-69.669	
4	80.000	-69.671	
5	79.100	-69.843	
5	79.200	-69.844	
5	79.300	-69.845	
5	79.400	-69.846	
5	79.500	-69.847	
5	79.600	-69.848	
5	79.700	-69.849	
5	79.800	-69.850	
5	79.900	-69.851	
5	80.000	-69.852	
1	80.100	-69.997	
1	80.200	-69.997	
1	80.300	-69.997	
1	80.400	-69.997	
1	80.500	-69.997	
1	80.600	-69.997	
1	80.700	-69.997	
1	80.800	-69.997	
1	80.900	-69.997	
1	81.000	-69.997	
2	80.100	-69.940	
2	80.200	-69.941	
2	80.300	-69.941	
2	80.400	-69.942	
2	80.500	-69.942	
2	80.600	-69.942	
2	80.700	-69.943	
2	80.800	-69.943	
2	80.900	-69.943	
2	81.000	-69.944	
3	80.100	-69.822	
3	80.200	-69.823	
3	80.300	-69.824	
3	80.400	-69.826	
3	80.500	-69.827	
3	80.600	-69.828	
3	80.700	-69.829	
3	80.800	-69.830	
3	80.900	-69.831	
3	81.000	-69.832	
4	80.100	-69.674	
4	80.200	-69.676	
4	80.300	-69.678	
4	80.400	-69.680	
4	80.500	-69.682	
4	80.600	-69.684	
4	80.700	-69.686	
4	80.800	-69.688	
4	80.900	-69.690	
4	81.000	-69.693	
5	80.100	-69.853	
5	80.200	-69.854	
5	80.300	-69.855	
5	80.400	-69.856	
5	80.500	-69.857	
5	80.600	-69.858	
5	80.700	-69.859	
5	80.800	-69.860	
5	80.900	-69.861	
5	81.000	-69.862	
1	81.100	-69.997	
1	81.200	-69.997	
1	81.300	-69.997	
1	81.400	-69.997	
1	81.500	-69.997	
1	81.600	-69.997	
1	81.700	-69.997	
1	81.800	-69.997	
1	81.900	-69.997	
1	82.000	-69.998	
2	81.100	-69.944	
2	81.200	-69.945	
2	81.300	-69.945	
2	81.400	-69.945	
2	81.500	-69.946	
2	81.600	-69.946	
2	81.700	-69.946	
2	81.800	-69.947	
2	81.900	-69.947	
2	82.000	-69.947	
3	81.100	-69.833	
3	81.200	-69.835	
3	81.300	-69.836	
3	81.400	-69.837	
3	81.500	-69.838	
3	81.600	-69.839	
3	81.700	-69.840	
3	81.800	-69.841	
3	81.900	-69.842	
3	82.000	-69.843	
4	81.100	-69.695	
4	81.200	-69.697	
4	81.300	-69.699	
4	81.400	-69.701	
4	81.500	-69.703	
4	81.600	-69.705	
4	81.700	-69.707	
4	81.800	-69.708	
4	81.900	-69.710	
4	82.000	-69.712	
5	81.100	-69.863	
5	81.200	-69.864	
5	81.300	-69.865	
5	81.400	-69.866	
5	81.500	-69.866	
5	81.600	-69.867	
5	81.700	-69.868	
5	81.800	-69.869	
5	81.900	-69.870	
5	82.000	-69.871	
1	82.100	-69.998	
1	82.200	-69.998	
1	82.300	-69.998	
1	82.400	-69.998	
1	82.500	-69.998	
1	82.600	-69.998	
1	82.700	-69.998	
1	82.800	-69.998	
1	82.900	-69.998	
1	83.000	-69.998	
2	82.100	-69.948	
2	82.200	-69.948	
2	82.300	-69.949	
2	82.400	-69.949	
2	82.500	-69.949	
2	82.600	-69.950	
2	82.700	-69.950	
2	82.800	-69.950	
2	82.900	-69.951	
2	83.000	-69.951	
3	82.100	-69.844	
3	82.200	-69.845	
3	82.300	-69.846	
3	82.400	-69.847	
3	82.500	-69.848	
3	82.600	-69.849	
3	82.700	-69.850	
3	82.800	-69.851	
3	82.900	-69.852	
3	83.000	-69.853	
4	82.100	-69.714	
4	82.200	-69.716	
4	82.300	-69.718	
4	82.400	-69.720	
4	82.500	-69.722	
4	82.600	-69.724	
4	82.700	-69.725	
4	82.800	-69.727	
4	82.900	-69.729	
4	83.000	-69.731	
5	82.100	-69.872	
5	82.200	-69.873	
5	82.300	-69.873	
5	82.400	-69.874	
5	82.500	-69.875	
5	82.600	-69.876	
5	82.700	-69.877	
5	82.800	-69.878	
5	82.900	-69.878	
5	83.000	-69.879	
1	83.100	-69.998	
1	83.200	-69.998	
1	83.300	-69.998	
1	83.400	-69.998	
1	83.500	-69.998	
1	83.600	-69.998	
1	83.700	-69.998	
1	83.800	-69.998	
1	83.900	-69.998	
1	84.000	-69.998	
2	83.100	-69.951	
2	83.200	-69.952	
2	83.300	-69.952	
2	83.400	-69.952	
2	83.500	-69.952	
2	83.600	-69.953	
2	83.700	-69.953	
2	83.800	-69.953	
2	83.900	-69.954	
2	84.000	-69.954	
3	83.100	-69.854	
3	83.200	-69.855	
3	83.300	-69.856	
3	83.400	-69.857	
3	83.500	-69.858	
3	83.600	-69.859	
3	83.700	-69.860	
3	83.800	-69.861	
3	83.900	-69.862	
3	84.000	-69.863	
4	83.100	-69.733	
4	83.200	-69.734	
4	83.300	-69.736	
4	83.400	-69.738	
4	83.500	-69.740	
4	83.600	-69.741	
4	83.700	-69.743	
4	83.800	-69.745	
4	83.900	-69.747	
4	84.000	-69.748	
5	83.100	-69.770	
5	83.200	-69.706	
5	83.300	-69.667	
5	83.400	-69.645	
5	83.500	-69.633	
5	83.600	-69.626	
5	83.700	-69.623	
5	83.800	-69.623	
5	83.900	-69.623	
5	84.000	-69.624	
1	84.100	-69.998	
1	84.200	-69.998	
1	84.300	-69.998	
1	84.400	-69.998	
1	84.500	-69.998	
1	84.600	-69.998	
1	84.700	-69.998	
1	84.800	-69.998	
1	84.900	-69.998	
1	85.000	-69.998	
2	84.100	-69.954	
2	84.200	-69.955	
2	84.300	-69.955	
2	84.400	-69.955	
2	84.500	-69.956	
2	84.600	-69.956	
2	84.700	-69.956	
2	84.800	-69.956	
2	84.900	-69.957	
2	85.000	-69.957	
3	84.100	-69.864	
3	84.200	-69.865	
3	84.300	-69.865	
3	84.400	-69.866	
3	84.500	-69.867	
3	84.600	-69.868	
3	84.700	-69.869	
3	84.800	-69.870	
3	84.900	-69.871	
3	85.000	-69.872	
4	84.100	-69.750	
4	84.200	-69.752	
4	84.300	-69.753	
4	84.400	-69.755	
4	84.500	-69.756	
4	84.600	-69.758	
4	84.700	-69.760	
4	84.800	-69.761	
4	84.900	-69.763	
4	85.000	-69.764	
5	84.100	-69.626	
5	84.200	-69.628	
5	84.300	-69.630	
5	84.400	-69.633	
5	84.500	-69.635	
5	84.600	-69.637	
5	84.700	-69.640	
5	84.800	-69.642	
5	84.900	-69.644	
5	85.000	-69.647	
1	85.100	-69.998	
1	85.200	-69.998	
1	85.300	-69.998	
1	85.400	-69.998	
1	85.500	-69.998	
1	85.600	-69.998	
1	85.700	-69.998	
1	85.800	-69.998	
1	85.900	-69.998	
1	86.000	-69.998	
2	85.100	-69.957	
2	85.200	-69.958	
2	85.300	-69.958	
2	85.400	-69.958	
2	85.500	-69.958	
2	85.600	-69.959	
2	85.700	-69.959	
2	85.800	-69.959	
2	85.900	-69.960	
2	86.000	-69.960	
3	85.100	-69.872	
3	85.200	-69.873	
3	85.300	-69.874	
3	85.400	-69.875	
3	85.500	-69.876	
3	85.600	-69.877	
3	85.700	-69.877	
3	85.800	-69.878	
3	85.900	-69.879	
3	86.000	-69.880	
4	85.100	-69.766	
4	85.200	-69.768	
4	85.300	-69.769	
4	85.400	-69.771	
4	85.500	-69.772	
4	85.600	-69.774	
4	85.700	-69.775	
4	85.800	-69.777	
4	85.900	-69.778	
4	86.000	-69.780	
5	85.100	-69.649	
5	85.200	-69.651	
5	85.300	-69.654	
5	85.400	-69.656	
5	85.500	-69.658	
5	85.600	-69.661	
5	85.700	-69.663	
5	85.800	-69.665	
5	85.900	-69.667	
5	86.000	-69.670	
1	86.100	-69.998	
1	86.200	-69.998	
1	86.300	-69.998	
1	86.400	-69.998	
1	86.500	-69.998	
1	86.600	-69.998	
1	86.700	-69.998	
1	86.800	-69.998	
1	86.900	-69.998	
1	87.000	-69.998	
2	86.100	-69.960	
2	86.200	-69.960	
2	86.300	-69.961	
2	86.400	-69.961	
2	86.500	-69.961	
2	86.600	-69.961	
2	86.700	-69.962	
2	86.800	-69.962	
2	86.900	-69.962	
2	87.000	-69.962	
3	86.100	-69.881	
3	86.200	-69.881	
3	86.300	-69.882	
3	86.400	-69.883	
3	86.500	-69.884	
3	86.600	-69.885	
3	86.700	-69.885	
3	86.800	-69.886	
3	86.900	-69.887	
3	87.000	-69.888	
4	86.100	-69.781	
4	86.200	-69.783	
4	86.300	-69.784	
4	86.400	-69.785	
4	86.500	-69.787	
4	86.600	-69.788	
4	86.700	-69.790	
4	86.800	-69.791	
4	86.900	-69.793	
4	87.000	-69.794	
5	86.100	-69.672	
5	86.200	-69.674	
5	86.300	-69.676	
5	86.400	-69.678	
5	86.500	-69.680	
5	86.600	-69.683	
5	86.700	-69.685	
5	86.800	-69.687	
5	86.900	-69.689	
5	87.000	-69.691	
1	87.100	-69.998	
1	87.200	-69.998	
1	87.300	-69.998	
1	87.400	-69.998	
1	87.500	-69.998	
1	87.600	-69.998	
1	87.700	-69.998	
1	87.800	-69.998	
1	87.900	-69.998	
1	88.000	-69.998	
2	87.100	-69.963	
2	87.200	-69.963	
2	87.300	-69.963	
2	87.400	-69.963	
2	87.500	-69.964	
2	87.600	-69.964	
2	87.700	-69.964	
2	87.800	-69.964	
2	87.900	-69.965	
2	88.000	-69.965	
3	87.100	-69.888	
3	87.200	-69.889	
3	87.300	-69.890	
3	87.400	-69.891	
3	87.500	-69.891	
3	87.600	-69.892	
3	87.700	-69.893	
3	87.800	-69.893	
3	87.900	-69.894	
3	88.000	-69.895	
4	87.100	-69.795	
4	87.200	-69.797	
4	87.300	-69.798	
4	87.400	-69.799	
4	87.500	-69.801	
4	87.600	-69.802	
4	87.700	-69.803	
4	87.800	-69.805	
4	87.900	-69.806	
4	88.000	-69.807	
5	87.100	-69.693	
5	87.200	-69.695	
5	87.300	-69.697	
5	87.400	-69.699	
5	87.500	-69.701	
5	87.600	-69.703	
5	87.700	-69.705	
5	87.800	-69.707	
5	87.900	-69.709	
5	88.000	-69.711	
1	88.100	-69.998	
1	88.200	-69.998	
1	88.300	-69.998	
1	88.400	-69.998	
1	88.500	-69.998	
1	88.600	-69.998	
1	88.700	-69.998	
1	88.800	-69.998	
1	88.900	-69.998	
1	89.000	-69.998	
2	88.100	-69.965	
2	88.200	-69.965	
2	88.300	-69.965	
2	88.400	-69.966	
2	88.500	-69.966	
2	88.600	-69.966	
2	88.700	-69.966	
2	88.800	-69.967	
2	88.900	-69.967	
2	89.000	-69.967	
3	88.100	-69.896	
3	88.200	-69.896	
3	88.300	-69.897	
3	88.400	-69.898	
3	88.500	-69.898	
3	88.600	-69.899	
3	88.700	-69.900	
3	88.800	-69.900	
3	88.900	-69.901	
3	89.000	-69.902	
4	88.100	-69.808	
4	88.200	-69.810	
4	88.300	-69.811	
4	88.400	-69.812	
4	88.500	-69.813	
4	88.600	-69.815	
4	88.700	-69.816	
4	88.800	-69.817	
4	88.900	-69.818	
4	89.000	-69.820	
5	88.100	-69.713	
5	88.200	-69.715	
5	88.300	-69.717	
5	88.400	-69.718	
5	88.500	-69.720	
5	88.600	-69.722	
5	88.700	-69.724	
5	88.800	-69.726	
5	88.900	-69.728	
5	89.000	-69.729	
1	89.100	-69.998	
1	89.200	-69.998	
1	89.300	-69.998	
1	89.400	-69.998	
1	89.500	-69.998	
1	89.600	-69.998	
1	89.700	-69.999	
1	89.800	-69.999	
1	89.900	-69.999	
1	90.000	-69.999	
2	89.100	-69.967	
2	89.200	-69.967	
2	89.300	-69.968	
2	89.400	-69.968	
2	89.500	-69.968	
2	89.600	-69.968	
2	89.700	-69.969	
2	89.800	-69.969	
2	89.900	-69.969	
2	90.000	-69.969	
3	89.100	-69.902	
3	89.200	-69.903	
3	89.300	-69.904	
3	89.400	-69.904	
3	89.500	-69.905	
3	89.600	-69.906	
3	89.700	-69.906	
3	89.800	-69.907	
3	89.900	-69.907	
3	90.000	-69.908	
4	89.100	-69.821	
4	89.200	-69.822	
4	89.300	-69.823	
4	89.400	-69.824	
4	89.500	-69.826	
4	89.600	-69.827	
4	89.700	-69.828	
4	89.800	-69.829	
4	89.900	-69.830	
4	90.000	-69.831	
5	89.100	-69.731	
5	89.200	-69.733	
5	89.300	-69.735	
5	89.400	-69.737	
5	89.500	-69.738	
5	89.600	-69.740	
5	89.700	-69.742	
5	89.800	-69.744	
5	89.900	-69.745	
5	90.000	-69.747	
1	90.100	-69.999	
1	90.200	-69.999	
1	90.300	-69.999	
1	90.400	-69.999	
1	90.500	-69.999	
1	90.600	-69.999	
1	90.700	-69.999	
1	90.800	-69.999	
1	90.900	-69.999	
1	91.000	-69.999	
2	90.100	-69.969	
2	90.200	-69.970	
2	90.300	-69.970	
2	90.400	-69.970	
2	90.500	-69.970	
2	90.600	-69.970	
2	90.700	-69.971	
2	90.800	-69.971	
2	90.900	-69.971	
2	91.000	-69.971	
3	90.100	-69.909	
3	90.200	-69.909	
3	90.300	-69.910	
3	90.400	-69.910	
3	90.500	-69.911	
3	90.600	-69.912	
3	90.700	-69.912	
3	90.800	-69.913	
3	90.900	-69.913	
3	91.000	-69.914	
4	90.100	-69.832	
4	90.200	-69.833	
4	90.300	-69.835	
4	90.400	-69.836	
4	90.500	-69.837	
4	90.600	-69.838	
4	90.700	-69.839	
4	90.800	-69.840	
4	90.900	-69.841	
4	91.000	-69.842	
5	90.100	-69.749	
5	90.200	-69.750	
5	90.300	-69.752	
5	90.400	-69.754	
5	90.500	-69.755	
5	90.600	-69.757	
5	90.700	-69.758	
5	90.800	-69.760	
5	90.900	-69.762	
5	91.000	-69.763	
1	91.100	-69.999	
1	91.200	-69.999	
1	91.300	-69.999	
1	91.400	-69.999	
1	91.500	-69.999	
1	91.600	-69.999	
1	91.700	-69.999	
1	91.800	-69.999	
1	91.900	-69.999	
1	92.000	-69.999	
2	91.100	-69.971	
2	91.200	-69.972	
2	91.300	-69.972	
2	91.400	-69.972	
2	91.500	-69.972	
2	91.600	-69.972	
2	91.700	-69.972	
2	91.800	-69.973	
2	91.900	-69.973	
2	92.000	-69.973	
3	91.100	-69.914	
3	91.200	-69.915	
3	91.300	-69.916	
3	91.400	-69.916	
3	91.500	-69.917	
3	91.600	-69.917	
3	91.700	-69.918	
3	91.800	-69.918	
3	91.900	-69.919	
3	92.000	-69.919	
4	91.100	-69.843	
4	91.200	-69.844	
4	91.300	-69.845	
4	91.400	-69.846	
4	91.500	-69.847	
4	91.600	-69.848	
4	91.700	-69.849	
4	91.800	-69.850	
4	91.900	-69.851	
4	92.000	-69.852	
5	91.100	-69.765	
5	91.200	-69.766	
5	91.300	-69.768	
5	91.400	-69.769	
5	91.500	-69.771	
5	91.600	-69.773	
5	91.700	-69.774	
5	91.800	-69.776	
5	91.900	-69.777	
5	92.000	-69.778	
1	92.100	-69.999	
1	92.200	-69.999	
1	92.300	-69.999	
1	92.400	-69.999	
1	92.500	-69.999	
1	92.600	-69.999	
1	92.700	-69.999	
1	92.800	-69.999	
1	92.900	-69.999	
1	93.000	-69.999	
2	92.100	-69.973	
2	92.200	-69.973	
2	92.300	-69.974	
2	92.400	-69.974	
2	92.500	-69.974	
2	92.600	-69.974	
2	92.700	-69.974	
2	92.800	-69.974	
2	92.900	-69.975	
2	93.000	-69.975	
3	92.100	-69.920	
3	92.200	-69.921	
3	92.300	-69.921	
3	92.400	-69.922	
3	92.500	-69.922	
3	92.600	-69.923	
3	92.700	-69.923	
3	92.800	-69.924	
3	92.900	-69.924	
3	93.000	-69.925	
4	92.100	-69.853	
4	92.200	-69.854	
4	92.300	-69.855	
4	92.400	-69.856	
4	92.500	-69.857	
4	92.600	-69.858	
4	92.700	-69.859	
4	92.800	-69.860	
4	92.900	-69.861	
4	93.000	-69.862	
5	92.100	-69.780	
5	92.200	-69.781	
5	92.300	-69.783	
5	92.400	-69.784	
5	92.500	-69.786	
5	92.600	-69.787	
5	92.700	-69.789	
5	92.800	-69.790	
5	92.900	-69.791	
5	93.000	-69.793	
1	93.100	-69.999	
1	93.200	-69.999	
1	93.300	-69.999	
1	93.400	-69.999	
1	93.500	-69.999	
1	93.600	-69.999	
1	93.700	-69.999	
1	93.800	-69.999	
1	93.900	-69.999	
1	94.000	-69.999	
2	93.100	-69.975	
2	93.200	-69.975	
2	93.300	-69.975	
2	93.400	-69.975	
2	93.500	-69.976	
2	93.600	-69.976	
2	93.700	-69.976	
2	93.800	-69.976	
2	93.900	-69.976	
2	94.000	-69.976	
3	93.100	-69.925	
3	93.200	-69.926	
3	93.300	-69.926	
3	93.400	-69.927	
3	93.500	-69.927	
3	93.600	-69.928	
3	93.700	-69.928	
3	93.800	-69.929	
3	93.900	-69.929	
3	94.000	-69.930	
4	93.100	-69.863	
4	93.200	-69.864	
4	93.300	-69.865	
4	93.400	-69.865	
4	93.500	-69.866	
4	93.600	-69.867	
4	93.700	-69.868	
4	93.800	-69.869	
4	93.900	-69.870	
4	94.000	-69.871	
5	93.100	-69.794	
5	93.200	-69.796	
5	93.300	-69.797	
5	93.400	-69.798	
5	93.500	-69.800	
5	93.600	-69.801	
5	93.700	-69.802	
5	93.800	-69.804	
5	93.900	-69.805	
5	94.000	-69.806	
1	94.100	-69.999	
1	94.200	-69.999	
1	94.300	-69.999	
1	94.400	-69.999	
1	94.500	-69.999	
1	94.600	-69.999	
1	94.700	-69.999	
1	94.800	-69.999	
1	94.900	-69.999	
1	95.000	-69.999	
2	94.100	-69.977	
2	94.200	-69.977	
2	94.300	-69.977	
2	94.400	-69.977	
2	94.500	-69.977	
2	94.600	-69.977	
2	94.700	-69.977	
2	94.800	-69.978	
2	94.900	-69.978	
2	95.000	-69.978	
3	94.100	-69.930	
3	94.200	-69.930	
3	94.300	-69.931	
3	94.400	-69.931	
3	94.500	-69.932	
3	94.600	-69.932	
3	94.700	-69.933	
3	94.800	-69.933	
3	94.900	-69.934	
3	95.000	-69.934	
4	94.100	-69.872	
4	94.200	-69.872	
4	94.300	-69.873	
4	94.400	-69.874	
4	94.500	-69.875	
4	94.600	-69.876	
4	94.700	-69.877	
4	94.800	-69.877	
4	94.900	-69.878	
4	95.000	-69.879	
5	94.100	-69.807	
5	94.200	-69.809	
5	94.300	-69.810	
5	94.400	-69.811	
5	94.500	-69.812	
5	94.600	-69.814	
5	94.700	-69.815	
5	94.800	-69.816	
5	94.900	-69.817	
5	95.000	-69.819	
1	95.100	-69.999	
1	95.200	-69.999	
1	95.300	-69.999	
1	95.400	-69.999	
1	95.500	-69.999	
1	95.600	-69.999	
1	95.700	-69.999	
1	95.800	-69.999	
1	95.900	-69.999	
1	96.000	-69.999	
2	95.100	-69.978	
2	95.200	-69.978	
2	95.300	-69.978	
2	95.400	-69.979	
2	95.500	-69.979	
2	95.600	-69.979	
2	95.700	-69.979	
2	95.800	-69.979	
2	95.900	-69.979	
2	96.000	-69.979	
3	95.100	-69.935	
3	95.200	-69.935	
3	95.300	-69.935	
3	95.400	-69.936	
3	95.500	-69.936	
3	95.600	-69.937	
3	95.700	-69.937	
3	95.800	-69.937	
3	95.900	-69.938	
3	96.000	-69.938	
4	95.100	-69.880	
4	95.200	-69.881	
4	95.300	-69.881	
4	95.400	-69.882	
4	95.500	-69.883	
4	95.600	-69.884	
4	95.700	-69.885	
4	95.800	-69.885	
4	95.900	-69.886	
4	96.000	-69.887	
5	95.100	-69.820	
5	95.200	-69.821	
5	95.300	-69.822	
5	95.400	-69.823	
5	95.500	-69.825	
5	95.600	-69.826	
5	95.700	-69.827	
5	95.800	-69.828	
5	95.900	-69.829	
5	96.000	-69.830	
1	96.100	-69.999	
1	96.200	-69.999	
1	96.300	-69.999	
1	96.400	-69.999	
1	96.500	-69.999	
1	96.600	-69.999	
1	96.700	-69.999	
1	96.800	-69.999	
1	96.900	-69.999	
1	97.000	-69.999	
2	96.100	-69.979	
2	96.200	-69.980	
2	96.300	-69.980	
2	96.400	-69.980	
2	96.500	-69.980	
2	96.600	-69.980	
2	96.700	-69.980	
2	96.800	-69.980	
2	96.900	-69.981	
2	97.000	-69.981	
3	96.100	-69.939	
3	96.200	-69.939	
3	96.300	-69.940	
3	96.400	-69.940	
3	96.500	-69.940	
3	96.600	-69.941	
3	96.700	-69.941	
3	96.800	-69.942	
3	96.900	-69.942	
3	97.000	-69.942	
4	96.100	-69.888	
4	96.200	-69.888	
4	96.300	-69.889	
4	96.400	-69.890	
4	96.500	-69.891	
4	96.600	-69.891	
4	96.700	-69.892	
4	96.800	-69.893	
4	96.900	-69.893	
4	97.000	-69.894	
5	96.100	-69.831	
5	96.200	-69.833	
5	96.300	-69.834	
5	96.400	-69.835	
5	96.500	-69.836	
5	96.600	-69.837	
5	96.700	-69.838	
5	96.800	-69.839	
5	96.900	-69.840	
5	97.000	-69.841	
1	97.100	-69.999	
1	97.200	-69.999	
1	97.300	-69.999	
1	97.400	-69.999	
1	97.500	-69.999	
1	97.600	-69.999	
1	97.700	-69.999	
1	97.800	-69.999	
1	97.900	-69.999	
1	98.000	-69.999	
2	97.100	-69.981	
2	97.200	-69.981	
2	97.300	-69.981	
2	97.400	-69.981	
2	97.500	-69.981	
2	97.600	-69.981	
2	97.700	-69.982	
2	97.800	-69.982	
2	97.900	-69.982	
2	98.000	-69.982	
3	97.100	-69.943	
3	97.200	-69.943	
3	97.300	-69.943	
3	97.400	-69.944	
3	97.500	-69.944	
3	97.600	-69.945	
3	97.700	-69.945	
3	97.800	-69.945	
3	97.900	-69.946	
3	98.000	-69.946	
4	97.100	-69.895	
4	97.200	-69.896	
4	97.300	-69.896	
4	97.400	-69.897	
4	97.500	-69.898	
4	97.600	-69.898	
4	97.700	-69.899	
4	97.800	-69.900	
4	97.900	-69.900	
4	98.000	-69.901	
5	97.100	-69.842	
5	97.200	-69.843	
5	97.300	-69.844	
5	97.400	-69.845	
5	97.500	-69.846	
5	97.600	-69.848	
5	97.700	-69.849	
5	97.800	-69.850	
5	97.900	-69.851	
5	98.000	-69.852	
1	98.100	-69.999	
1	98.200	-69.999	
1	98.300	-69.999	
1	98.400	-69.999	
1	98.500	-69.999	
1	98.600	-69.999	
1	98.700	-69.999	
1	98.800	-69.999	
1	98.900	-69.999	
1	99.000	-69.999	
2	98.100	-69.982	
2	98.200	-69.982	
2	98.300	-69.982	
2	98.400	-69.982	
2	98.500	-69.983	
2	98.600	-69.983	
2	98.700	-69.983	
2	98.800	-69.983	
2	98.900	-69.983	
2	99.000	-69.983	
3	98.100	-69.946	
3	98.200	-69.947	
3	98.300	-69.947	
3	98.400	-69.947	
3	98.500	-69.948	
3	98.600	-69.948	
3	98.700	-69.948	
3	98.800	-69.949	
3	98.900	-69.949	
3	99.000	-69.950	
4	98.100	-69.902	
4	98.200	-69.902	
4	98.300	-69.903	
4	98.400	-69.904	
4	98.500	-69.904	
4	98.600	-69.905	
4	98.700	-69.906	
4	98.800	-69.906	
4	98.900	-69.907	
4	99.000	-69.907	
5	98.100	-69.853	
5	98.200	-69.853	
5	98.300	-69.854	
5	98.400	-69.855	
5	98.500	-69.856	
5	98.600	-69.857	
5	98.700	-69.858	
5	98.800	-69.859	
5	98.900	-69.860	
5	99.000	-69.861	
