1	0.100	-70.000	
1	0.200	-70.000	
1	0.300	-70.000	
1	0.400	-70.000	
1	0.500	-70.000	
1	0.600	-70.000	
1	0.700	-70.000	
1	0.800	-70.000	
1	0.900	-70.000	
1	1.000	-70.000	
2	0.100	-70.000	
2	0.200	-70.000	
2	0.300	-70.000	
2	0.400	-70.000	
2	0.500	-70.000	
2	0.600	-70.000	
2	0.700	-70.000	
2	0.800	-70.000	
2	0.900	-70.000	
2	1.000	-70.000	
1	1.100	-70.000	
1	1.200	-70.000	
1	1.300	-70.000	
1	1.400	-70.000	
1	1.500	-70.000	
1	1.600	-70.000	
1	1.700	-70.000	
1	1.800	-70.000	
1	1.900	-70.000	
1	2.000	-70.000	
2	1.100	-70.000	
2	1.200	-70.000	
2	1.300	-70.000	
2	1.400	-70.000	
2	1.500	-70.000	
2	1.600	-70.000	
2	1.700	-70.000	
2	1.800	-70.000	
2	1.900	-70.000	
2	2.000	-70.000	
1	2.100	-70.000	
1	2.200	-70.000	
1	2.300	-70.000	
1	2.400	-70.000	
1	2.500	-70.000	
1	2.600	-70.000	
1	2.700	-70.000	
1	2.800	-70.000	
1	2.900	-70.000	
1	3.000	-70.000	
2	2.100	-70.000	
2	2.200	-70.000	
2	2.300	-70.000	
2	2.400	-70.000	
2	2.500	-70.000	
2	2.600	-70.000	
2	2.700	-70.000	
2	2.800	-70.000	
2	2.900	-70.000	
2	3.000	-70.000	
1	3.100	-70.000	
1	3.200	-70.000	
1	3.300	-70.000	
1	3.400	-70.000	
1	3.500	-70.000	
1	3.600	-70.000	
1	3.700	-70.000	
1	3.800	-70.000	
1	3.900	-70.000	
1	4.000	-70.000	
2	3.100	-70.000	
2	3.200	-70.000	
2	3.300	-70.000	
2	3.400	-70.000	
2	3.500	-70.000	
2	3.600	-70.000	
2	3.700	-70.000	
2	3.800	-70.000	
2	3.900	-70.000	
2	4.000	-70.000	
1	4.100	-70.000	
1	4.200	-70.000	
1	4.300	-70.000	
1	4.400	-70.000	
1	4.500	-70.000	
1	4.600	-70.000	
1	4.700	-70.000	
1	4.800	-70.000	
1	4.900	-70.000	
1	5.000	-70.000	
2	4.100	-70.000	
2	4.200	-70.000	
2	4.300	-70.000	
2	4.400	-70.000	
2	4.500	-70.000	
2	4.600	-70.000	
2	4.700	-70.000	
2	4.800	-70.000	
2	4.900	-70.000	
2	5.000	-70.000	
1	5.100	-70.000	
1	5.200	-70.000	
1	5.300	-70.000	
1	5.400	-70.000	
1	5.500	-70.000	
1	5.600	-70.000	
1	5.700	-70.000	
1	5.800	-70.000	
1	5.900	-70.000	
1	6.000	-70.000	
2	5.100	-70.000	
2	5.200	-70.000	
2	5.300	-70.000	
2	5.400	-70.000	
2	5.500	-70.000	
2	5.600	-70.000	
2	5.700	-70.000	
2	5.800	-70.000	
2	5.900	-70.000	
2	6.000	-70.000	
1	6.100	-70.000	
1	6.200	-70.000	
1	6.300	-70.000	
1	6.400	-70.000	
1	6.500	-70.000	
1	6.600	-70.000	
1	6.700	-70.000	
1	6.800	-70.000	
1	6.900	-70.000	
1	7.000	-70.000	
2	6.100	-70.000	
2	6.200	-70.000	
2	6.300	-70.000	
2	6.400	-70.000	
2	6.500	-70.000	
2	6.600	-70.000	
2	6.700	-70.000	
2	6.800	-70.000	
2	6.900	-70.000	
2	7.000	-70.000	
1	7.100	-70.000	
1	7.200	-70.000	
1	7.300	-70.000	
1	7.400	-70.000	
1	7.500	-70.000	
1	7.600	-70.000	
1	7.700	-70.000	
1	7.800	-70.000	
1	7.900	-70.000	
1	8.000	-70.000	
2	7.100	-70.000	
2	7.200	-70.000	
2	7.300	-70.000	
2	7.400	-70.000	
2	7.500	-70.000	
2	7.600	-70.000	
2	7.700	-70.000	
2	7.800	-70.000	
2	7.900	-70.000	
2	8.000	-70.000	
1	8.100	-70.000	
1	8.200	-70.000	
1	8.300	-70.000	
1	8.400	-70.000	
1	8.500	-70.000	
1	8.600	-70.000	
1	8.700	-70.000	
1	8.800	-70.000	
1	8.900	-70.000	
1	9.000	-70.000	
2	8.100	-70.000	
2	8.200	-70.000	
2	8.300	-70.000	
2	8.400	-70.000	
2	8.500	-70.000	
2	8.600	-70.000	
2	8.700	-70.000	
2	8.800	-70.000	
2	8.900	-70.000	
2	9.000	-70.000	
1	9.100	-70.000	
1	9.200	-70.000	
1	9.300	-70.000	
1	9.400	-70.000	
1	9.500	-70.000	
1	9.600	-70.000	
1	9.700	-70.000	
1	9.800	-70.000	
1	9.900	-70.000	
1	10.000	-70.000	
2	9.100	-70.000	
2	9.200	-70.000	
2	9.300	-70.000	
2	9.400	-70.000	
2	9.500	-70.000	
2	9.600	-70.000	
2	9.700	-70.000	
2	9.800	-70.000	
2	9.900	-70.000	
2	10.000	-70.000	
1	10.100	-70.000	
1	10.200	-70.000	
1	10.300	-70.000	
1	10.400	-70.000	
1	10.500	-70.000	
1	10.600	-70.000	
1	10.700	-70.000	
1	10.800	-70.000	
1	10.900	-70.000	
1	11.000	-70.000	
2	10.100	-70.000	
2	10.200	-70.000	
2	10.300	-70.000	
2	10.400	-70.000	
2	10.500	-70.000	
2	10.600	-70.000	
2	10.700	-70.000	
2	10.800	-70.000	
2	10.900	-70.000	
2	11.000	-70.000	
1	11.100	-69.890	
1	11.200	-69.825	
1	11.300	-69.785	
1	11.400	-69.762	
1	11.500	-69.749	
1	11.600	-69.742	
1	11.700	-69.738	
1	11.800	-69.737	
1	11.900	-69.736	
1	12.000	-69.737	
2	11.100	-69.890	
2	11.200	-69.825	
2	11.300	-69.785	
2	11.400	-69.762	
2	11.500	-69.749	
2	11.600	-69.742	
2	11.700	-69.738	
2	11.800	-69.737	
2	11.900	-69.736	
2	12.000	-69.737	
1	12.100	-69.738	
1	12.200	-69.739	
1	12.300	-69.741	
1	12.400	-69.742	
1	12.500	-69.744	
1	12.600	-69.746	
1	12.700	-69.747	
1	12.800	-69.749	
1	12.900	-69.750	
1	13.000	-69.752	
2	12.100	-69.738	
2	12.200	-69.739	
2	12.300	-69.741	
2	12.400	-69.742	
2	12.500	-69.744	
2	12.600	-69.746	
2	12.700	-69.747	
2	12.800	-69.749	
2	12.900	-69.750	
2	13.000	-69.752	
1	13.100	-69.754	
1	13.200	-69.755	
1	13.300	-69.757	
1	13.400	-69.759	
1	13.500	-69.760	
1	13.600	-69.762	
1	13.700	-69.763	
1	13.800	-69.765	
1	13.900	-69.767	
1	14.000	-69.768	
2	13.100	-69.754	
2	13.200	-69.755	
2	13.300	-69.757	
2	13.400	-69.759	
2	13.500	-69.760	
2	13.600	-69.762	
2	13.700	-69.763	
2	13.800	-69.765	
2	13.900	-69.767	
2	14.000	-69.768	
1	14.100	-69.770	
1	14.200	-69.771	
1	14.300	-69.773	
1	14.400	-69.774	
1	14.500	-69.776	
1	14.600	-69.777	
1	14.700	-69.779	
1	14.800	-69.780	
1	14.900	-69.782	
1	15.000	-69.783	
2	14.100	-69.770	
2	14.200	-69.771	
2	14.300	-69.773	
2	14.400	-69.774	
2	14.500	-69.776	
2	14.600	-69.777	
2	14.700	-69.779	
2	14.800	-69.780	
2	14.900	-69.782	
2	15.000	-69.783	
1	15.100	-69.785	
1	15.200	-69.786	
1	15.300	-69.787	
1	15.400	-69.789	
1	15.500	-69.790	
1	15.600	-69.792	
1	15.700	-69.793	
1	15.800	-69.794	
1	15.900	-69.796	
1	16.000	-69.797	
2	15.100	-69.785	
2	15.200	-69.786	
2	15.300	-69.787	
2	15.400	-69.789	
2	15.500	-69.790	
2	15.600	-69.792	
2	15.700	-69.793	
2	15.800	-69.794	
2	15.900	-69.796	
2	16.000	-69.797	
1	16.100	-69.798	
1	16.200	-69.800	
1	16.300	-69.801	
1	16.400	-69.802	
1	16.500	-69.804	
1	16.600	-69.805	
1	16.700	-69.806	
1	16.800	-69.808	
1	16.900	-69.809	
1	17.000	-69.810	
2	16.100	-69.798	
2	16.200	-69.800	
2	16.300	-69.801	
2	16.400	-69.802	
2	16.500	-69.804	
2	16.600	-69.805	
2	16.700	-69.806	
2	16.800	-69.808	
2	16.900	-69.809	
2	17.000	-69.810	
1	17.100	-69.811	
1	17.200	-69.813	
1	17.300	-69.814	
1	17.400	-69.815	
1	17.500	-69.816	
1	17.600	-69.818	
1	17.700	-69.819	
1	17.800	-69.820	
1	17.900	-69.821	
1	18.000	-69.822	
2	17.100	-69.811	
2	17.200	-69.813	
2	17.300	-69.814	
2	17.400	-69.815	
2	17.500	-69.816	
2	17.600	-69.818	
2	17.700	-69.819	
2	17.800	-69.820	
2	17.900	-69.821	
2	18.000	-69.822	
1	18.100	-69.824	
1	18.200	-69.825	
1	18.300	-69.826	
1	18.400	-69.827	
1	18.500	-69.828	
1	18.600	-69.829	
1	18.700	-69.830	
1	18.800	-69.832	
1	18.900	-69.833	
1	19.000	-69.834	
2	18.100	-69.824	
2	18.200	-69.825	
2	18.300	-69.826	
2	18.400	-69.827	
2	18.500	-69.828	
2	18.600	-69.829	
2	18.700	-69.830	
2	18.800	-69.832	
2	18.900	-69.833	
2	19.000	-69.834	
1	19.100	-69.835	
1	19.200	-69.836	
1	19.300	-69.837	
1	19.400	-69.838	
1	19.500	-69.839	
1	19.600	-69.840	
1	19.700	-69.841	
1	19.800	-69.842	
1	19.900	-69.844	
1	20.000	-69.845	
2	19.100	-69.835	
2	19.200	-69.836	
2	19.300	-69.837	
2	19.400	-69.838	
2	19.500	-69.839	
2	19.600	-69.840	
2	19.700	-69.841	
2	19.800	-69.842	
2	19.900	-69.844	
2	20.000	-69.845	
1	20.100	-69.846	
1	20.200	-69.847	
1	20.300	-69.848	
1	20.400	-69.849	
1	20.500	-69.850	
1	20.600	-69.851	
1	20.700	-69.852	
1	20.800	-69.853	
1	20.900	-69.854	
1	21.000	-69.855	
2	20.100	-69.846	
2	20.200	-69.847	
2	20.300	-69.848	
2	20.400	-69.849	
2	20.500	-69.850	
2	20.600	-69.851	
2	20.700	-69.852	
2	20.800	-69.853	
2	20.900	-69.854	
2	21.000	-69.855	
1	21.100	-69.856	
1	21.200	-69.857	
1	21.300	-69.857	
1	21.400	-69.858	
1	21.500	-69.859	
1	21.600	-69.860	
1	21.700	-69.861	
1	21.800	-69.862	
1	21.900	-69.863	
1	22.000	-69.864	
2	21.100	-69.856	
2	21.200	-69.857	
2	21.300	-69.857	
2	21.400	-69.858	
2	21.500	-69.859	
2	21.600	-69.860	
2	21.700	-69.861	
2	21.800	-69.862	
2	21.900	-69.863	
2	22.000	-69.864	
1	22.100	-69.865	
1	22.200	-69.866	
1	22.300	-69.867	
1	22.400	-69.868	
1	22.500	-69.868	
1	22.600	-69.869	
1	22.700	-69.870	
1	22.800	-69.871	
1	22.900	-69.872	
1	23.000	-69.873	
2	22.100	-69.865	
2	22.200	-69.866	
2	22.300	-69.867	
2	22.400	-69.868	
2	22.500	-69.868	
2	22.600	-69.869	
2	22.700	-69.870	
2	22.800	-69.871	
2	22.900	-69.872	
2	23.000	-69.873	
1	23.100	-69.874	
1	23.200	-69.874	
1	23.300	-69.875	
1	23.400	-69.876	
1	23.500	-69.877	
1	23.600	-69.878	
1	23.700	-69.879	
1	23.800	-69.879	
1	23.900	-69.880	
1	24.000	-69.881	
2	23.100	-69.874	
2	23.200	-69.874	
2	23.300	-69.875	
2	23.400	-69.876	
2	23.500	-69.877	
2	23.600	-69.878	
2	23.700	-69.879	
2	23.800	-69.879	
2	23.900	-69.880	
2	24.000	-69.881	
1	24.100	-69.882	
1	24.200	-69.883	
1	24.300	-69.883	
1	24.400	-69.884	
1	24.500	-69.885	
1	24.600	-69.886	
1	24.700	-69.886	
1	24.800	-69.887	
1	24.900	-69.888	
1	25.000	-69.889	
2	24.100	-69.882	
2	24.200	-69.883	
2	24.300	-69.883	
2	24.400	-69.884	
2	24.500	-69.885	
2	24.600	-69.886	
2	24.700	-69.886	
2	24.800	-69.887	
2	24.900	-69.888	
2	25.000	-69.889	
1	25.100	-69.889	
1	25.200	-69.890	
1	25.300	-69.891	
1	25.400	-69.892	
1	25.500	-69.892	
1	25.600	-69.893	
1	25.700	-69.894	
1	25.800	-69.894	
1	25.900	-69.895	
1	26.000	-69.896	
2	25.100	-69.889	
2	25.200	-69.890	
2	25.300	-69.891	
2	25.400	-69.892	
2	25.500	-69.892	
2	25.600	-69.893	
2	25.700	-69.894	
2	25.800	-69.894	
2	25.900	-69.895	
2	26.000	-69.896	
1	26.100	-69.897	
1	26.200	-69.897	
1	26.300	-69.898	
1	26.400	-69.899	
1	26.500	-69.899	
1	26.600	-69.900	
1	26.700	-69.901	
1	26.800	-69.901	
1	26.900	-69.902	
1	27.000	-69.903	
2	26.100	-69.897	
2	26.200	-69.897	
2	26.300	-69.898	
2	26.400	-69.899	
2	26.500	-69.899	
2	26.600	-69.900	
2	26.700	-69.901	
2	26.800	-69.901	
2	26.900	-69.902	
2	27.000	-69.903	
1	27.100	-69.903	
1	27.200	-69.904	
1	27.300	-69.904	
1	27.400	-69.905	
1	27.500	-69.906	
1	27.600	-69.906	
1	27.700	-69.907	
1	27.800	-69.908	
1	27.900	-69.908	
1	28.000	-69.909	
2	27.100	-69.903	
2	27.200	-69.904	
2	27.300	-69.904	
2	27.400	-69.905	
2	27.500	-69.906	
2	27.600	-69.906	
2	27.700	-69.907	
2	27.800	-69.908	
2	27.900	-69.908	
2	28.000	-69.909	
1	28.100	-69.909	
1	28.200	-69.910	
1	28.300	-69.911	
1	28.400	-69.911	
1	28.500	-69.912	
1	28.600	-69.912	
1	28.700	-69.913	
1	28.800	-69.914	
1	28.900	-69.914	
1	29.000	-69.915	
2	28.100	-69.909	
2	28.200	-69.910	
2	28.300	-69.911	
2	28.400	-69.911	
2	28.500	-69.912	
2	28.600	-69.912	
2	28.700	-69.913	
2	28.800	-69.914	
2	28.900	-69.914	
2	29.000	-69.915	
1	29.100	-69.915	
1	29.200	-69.916	
1	29.300	-69.916	
1	29.400	-69.917	
1	29.500	-69.917	
1	29.600	-69.918	
1	29.700	-69.919	
1	29.800	-69.919	
1	29.900	-69.920	
1	30.000	-69.920	
2	29.100	-69.915	
2	29.200	-69.916	
2	29.300	-69.916	
2	29.400	-69.917	
2	29.500	-69.917	
2	29.600	-69.918	
2	29.700	-69.919	
2	29.800	-69.919	
2	29.900	-69.920	
2	30.000	-69.920	
1	30.100	-69.921	
1	30.200	-69.921	
1	30.300	-69.922	
1	30.400	-69.922	
1	30.500	-69.923	
1	30.600	-69.923	
1	30.700	-69.924	
1	30.800	-69.924	
1	30.900	-69.925	
1	31.000	-69.925	
2	30.100	-69.921	
2	30.200	-69.921	
2	30.300	-69.922	
2	30.400	-69.922	
2	30.500	-69.923	
2	30.600	-69.923	
2	30.700	-69.924	
2	30.800	-69.924	
2	30.900	-69.925	
2	31.000	-69.925	
1	31.100	-69.926	
1	31.200	-69.926	
1	31.300	-69.927	
1	31.400	-69.927	
1	31.500	-69.928	
1	31.600	-69.928	
1	31.700	-69.929	
1	31.800	-69.929	
1	31.900	-69.930	
1	32.000	-69.930	
2	31.100	-69.926	
2	31.200	-69.926	
2	31.300	-69.927	
2	31.400	-69.927	
2	31.500	-69.928	
2	31.600	-69.928	
2	31.700	-69.929	
2	31.800	-69.929	
2	31.900	-69.930	
2	32.000	-69.930	
1	32.100	-69.931	
1	32.200	-69.931	
1	32.300	-69.932	
1	32.400	-69.932	
1	32.500	-69.932	
1	32.600	-69.933	
1	32.700	-69.933	
1	32.800	-69.934	
1	32.900	-69.934	
1	33.000	-69.935	
2	32.100	-69.931	
2	32.200	-69.931	
2	32.300	-69.932	
2	32.400	-69.932	
2	32.500	-69.932	
2	32.600	-69.933	
2	32.700	-69.933	
2	32.800	-69.934	
2	32.900	-69.934	
2	33.000	-69.935	
1	33.100	-69.935	
1	33.200	-69.936	
1	33.300	-69.936	
1	33.400	-69.936	
1	33.500	-69.937	
1	33.600	-69.937	
1	33.700	-69.938	
1	33.800	-69.938	
1	33.900	-69.938	
1	34.000	-69.939	
2	33.100	-69.935	
2	33.200	-69.936	
2	33.300	-69.936	
2	33.400	-69.936	
2	33.500	-69.937	
2	33.600	-69.937	
2	33.700	-69.938	
2	33.800	-69.938	
2	33.900	-69.938	
2	34.000	-69.939	
1	34.100	-69.939	
1	34.200	-69.940	
1	34.300	-69.940	
1	34.400	-69.940	
1	34.500	-69.941	
1	34.600	-69.941	
1	34.700	-69.942	
1	34.800	-69.942	
1	34.900	-69.942	
1	35.000	-69.943	
2	34.100	-69.939	
2	34.200	-69.940	
2	34.300	-69.940	
2	34.400	-69.940	
2	34.500	-69.941	
2	34.600	-69.941	
2	34.700	-69.942	
2	34.800	-69.942	
2	34.900	-69.942	
2	35.000	-69.943	
1	35.100	-69.943	
1	35.200	-69.944	
1	35.300	-69.944	
1	35.400	-69.944	
1	35.500	-69.945	
1	35.600	-69.945	
1	35.700	-69.945	
1	35.800	-69.946	
1	35.900	-69.946	
1	36.000	-69.947	
2	35.100	-69.943	
2	35.200	-69.944	
2	35.300	-69.944	
2	35.400	-69.944	
2	35.500	-69.945	
2	35.600	-69.945	
2	35.700	-69.945	
2	35.800	-69.946	
2	35.900	-69.946	
2	36.000	-69.947	
1	36.100	-69.947	
1	36.200	-69.947	
1	36.300	-69.948	
1	36.400	-69.948	
1	36.500	-69.948	
1	36.600	-69.949	
1	36.700	-69.949	
1	36.800	-69.949	
1	36.900	-69.950	
1	37.000	-69.950	
2	36.100	-69.947	
2	36.200	-69.947	
2	36.300	-69.948	
2	36.400	-69.948	
2	36.500	-69.948	
2	36.600	-69.949	
2	36.700	-69.949	
2	36.800	-69.949	
2	36.900	-69.950	
2	37.000	-69.950	
1	37.100	-69.950	
1	37.200	-69.951	
1	37.300	-69.951	
1	37.400	-69.951	
1	37.500	-69.952	
1	37.600	-69.952	
1	37.700	-69.952	
1	37.800	-69.953	
1	37.900	-69.953	
1	38.000	-69.953	
2	37.100	-69.950	
2	37.200	-69.951	
2	37.300	-69.951	
2	37.400	-69.951	
2	37.500	-69.952	
2	37.600	-69.952	
2	37.700	-69.952	
2	37.800	-69.953	
2	37.900	-69.953	
2	38.000	-69.953	
1	38.100	-69.953	
1	38.200	-69.954	
1	38.300	-69.954	
1	38.400	-69.954	
1	38.500	-69.955	
1	38.600	-69.955	
1	38.700	-69.955	
1	38.800	-69.956	
1	38.900	-69.956	
1	39.000	-69.956	
2	38.100	-69.953	
2	38.200	-69.954	
2	38.300	-69.954	
2	38.400	-69.954	
2	38.500	-69.955	
2	38.600	-69.955	
2	38.700	-69.955	
2	38.800	-69.956	
2	38.900	-69.956	
2	39.000	-69.956	
1	39.100	-69.956	
1	39.200	-69.957	
1	39.300	-69.957	
1	39.400	-69.957	
1	39.500	-69.958	
1	39.600	-69.958	
1	39.700	-69.958	
1	39.800	-69.958	
1	39.900	-69.959	
1	40.000	-69.959	
2	39.100	-69.956	
2	39.200	-69.957	
2	39.300	-69.957	
2	39.400	-69.957	
2	39.500	-69.958	
2	39.600	-69.958	
2	39.700	-69.958	
2	39.800	-69.958	
2	39.900	-69.959	
2	40.000	-69.959	
1	40.100	-69.959	
1	40.200	-69.960	
1	40.300	-69.960	
1	40.400	-69.960	
1	40.500	-69.960	
1	40.600	-69.961	
1	40.700	-69.961	
1	40.800	-69.961	
1	40.900	-69.961	
1	41.000	-69.962	
2	40.100	-69.959	
2	40.200	-69.960	
2	40.300	-69.960	
2	40.400	-69.960	
2	40.500	-69.960	
2	40.600	-69.961	
2	40.700	-69.961	
2	40.800	-69.961	
2	40.900	-69.961	
2	41.000	-69.962	
1	41.100	-69.962	
1	41.200	-69.962	
1	41.300	-69.962	
1	41.400	-69.963	
1	41.500	-69.963	
1	41.600	-69.963	
1	41.700	-69.963	
1	41.800	-69.964	
1	41.900	-69.964	
1	42.000	-69.964	
2	41.100	-69.962	
2	41.200	-69.962	
2	41.300	-69.962	
2	41.400	-69.963	
2	41.500	-69.963	
2	41.600	-69.963	
2	41.700	-69.963	
2	41.800	-69.964	
2	41.900	-69.964	
2	42.000	-69.964	
1	42.100	-69.964	
1	42.200	-69.965	
1	42.300	-69.965	
1	42.400	-69.965	
1	42.500	-69.965	
1	42.600	-69.966	
1	42.700	-69.966	
1	42.800	-69.966	
1	42.900	-69.966	
1	43.000	-69.966	
2	42.100	-69.964	
2	42.200	-69.965	
2	42.300	-69.965	
2	42.400	-69.965	
2	42.500	-69.965	
2	42.600	-69.966	
2	42.700	-69.966	
2	42.800	-69.966	
2	42.900	-69.966	
2	43.000	-69.966	
1	43.100	-69.967	
1	43.200	-69.967	
1	43.300	-69.967	
1	43.400	-69.967	
1	43.500	-69.968	
1	43.600	-69.968	
1	43.700	-69.968	
1	43.800	-69.968	
1	43.900	-69.968	
1	44.000	-69.969	
2	43.100	-69.967	
2	43.200	-69.967	
2	43.300	-69.967	
2	43.400	-69.967	
2	43.500	-69.968	
2	43.600	-69.968	
2	43.700	-69.968	
2	43.800	-69.968	
2	43.900	-69.968	
2	44.000	-69.969	
1	44.100	-69.969	
1	44.200	-69.969	
1	44.300	-69.969	
1	44.400	-69.969	
1	44.500	-69.970	
1	44.600	-69.970	
1	44.700	-69.970	
1	44.800	-69.970	
1	44.900	-69.970	
1	45.000	-69.971	
2	44.100	-69.969	
2	44.200	-69.969	
2	44.300	-69.969	
2	44.400	-69.969	
2	44.500	-69.970	
2	44.600	-69.970	
2	44.700	-69.970	
2	44.800	-69.970	
2	44.900	-69.970	
2	45.000	-69.971	
1	45.100	-69.971	
1	45.200	-69.971	
1	45.300	-69.971	
1	45.400	-69.971	
1	45.500	-69.972	
1	45.600	-69.972	
1	45.700	-69.972	
1	45.800	-69.972	
1	45.900	-69.972	
1	46.000	-69.973	
2	45.100	-69.971	
2	45.200	-69.971	
2	45.300	-69.971	
2	45.400	-69.971	
2	45.500	-69.972	
2	45.600	-69.972	
2	45.700	-69.972	
2	45.800	-69.972	
2	45.900	-69.972	
2	46.000	-69.973	
1	46.100	-69.973	
1	46.200	-69.973	
1	46.300	-69.973	
1	46.400	-69.973	
1	46.500	-69.973	
1	46.600	-69.974	
1	46.700	-69.974	
1	46.800	-69.974	
1	46.900	-69.974	
1	47.000	-69.974	
2	46.100	-69.973	
2	46.200	-69.973	
2	46.300	-69.973	
2	46.400	-69.973	
2	46.500	-69.973	
2	46.600	-69.974	
2	46.700	-69.974	
2	46.800	-69.974	
2	46.900	-69.974	
2	47.000	-69.974	
1	47.100	-69.974	
1	47.200	-69.975	
1	47.300	-69.975	
1	47.400	-69.975	
1	47.500	-69.975	
1	47.600	-69.975	
1	47.700	-69.975	
1	47.800	-69.976	
1	47.900	-69.976	
1	48.000	-69.976	
2	47.100	-69.974	
2	47.200	-69.975	
2	47.300	-69.975	
2	47.400	-69.975	
2	47.500	-69.975	
2	47.600	-69.975	
2	47.700	-69.975	
2	47.800	-69.976	
2	47.900	-69.976	
2	48.000	-69.976	
1	48.100	-69.976	
1	48.200	-69.976	
1	48.300	-69.976	
1	48.400	-69.977	
1	48.500	-69.977	
1	48.600	-69.977	
1	48.700	-69.977	
1	48.800	-69.977	
1	48.900	-69.977	
1	49.000	-69.978	
2	48.100	-69.976	
2	48.200	-69.976	
2	48.300	-69.976	
2	48.400	-69.977	
2	48.500	-69.977	
2	48.600	-69.977	
2	48.700	-69.977	
2	48.800	-69.977	
2	48.900	-69.977	
2	49.000	-69.978	
1	49.100	-69.978	
1	49.200	-69.978	
1	49.300	-69.978	
1	49.400	-69.978	
1	49.500	-69.978	
1	49.600	-69.978	
1	49.700	-69.979	
1	49.800	-69.979	
1	49.900	-69.979	
1	50.000	-69.979	
2	49.100	-69.978	
2	49.200	-69.978	
2	49.300	-69.978	
2	49.400	-69.978	
2	49.500	-69.978	
2	49.600	-69.978	
2	49.700	-69.979	
2	49.800	-69.979	
2	49.900	-69.979	
2	50.000	-69.979	
1	50.100	-69.979	
1	50.200	-69.979	
1	50.300	-69.979	
1	50.400	-69.980	
1	50.500	-69.980	
1	50.600	-69.980	
1	50.700	-69.980	
1	50.800	-69.980	
1	50.900	-69.980	
1	51.000	-69.980	
2	50.100	-69.979	
2	50.200	-69.979	
2	50.300	-69.979	
2	50.400	-69.980	
2	50.500	-69.980	
2	50.600	-69.980	
2	50.700	-69.980	
2	50.800	-69.980	
2	50.900	-69.980	
2	51.000	-69.980	
1	51.100	-69.980	
1	51.200	-69.981	
1	51.300	-69.981	
1	51.400	-69.981	
1	51.500	-69.981	
1	51.600	-69.981	
1	51.700	-69.981	
1	51.800	-69.981	
1	51.900	-69.981	
1	52.000	-69.982	
2	51.100	-69.980	
2	51.200	-69.981	
2	51.300	-69.981	
2	51.400	-69.981	
2	51.500	-69.981	
2	51.600	-69.981	
2	51.700	-69.981	
2	51.800	-69.981	
2	51.900	-69.981	
2	52.000	-69.982	
1	52.100	-69.982	
1	52.200	-69.982	
1	52.300	-69.982	
1	52.400	-69.982	
1	52.500	-69.982	
1	52.600	-69.982	
1	52.700	-69.982	
1	52.800	-69.983	
1	52.900	-69.983	
1	53.000	-69.983	
2	52.100	-69.982	
2	52.200	-69.982	
2	52.300	-69.982	
2	52.400	-69.982	
2	52.500	-69.982	
2	52.600	-69.982	
2	52.700	-69.982	
2	52.800	-69.983	
2	52.900	-69.983	
2	53.000	-69.983	
1	53.100	-69.983	
1	53.200	-69.983	
1	53.300	-69.983	
1	53.400	-69.983	
1	53.500	-69.983	
1	53.600	-69.983	
1	53.700	-69.984	
1	53.800	-69.984	
1	53.900	-69.984	
1	54.000	-69.984	
2	53.100	-69.983	
2	53.200	-69.983	
2	53.300	-69.983	
2	53.400	-69.983	
2	53.500	-69.983	
2	53.600	-69.983	
2	53.700	-69.984	
2	53.800	-69.984	
2	53.900	-69.984	
2	54.000	-69.984	
1	54.100	-69.984	
1	54.200	-69.984	
1	54.300	-69.984	
1	54.400	-69.984	
1	54.500	-69.984	
1	54.600	-69.985	
1	54.700	-69.985	
1	54.800	-69.985	
1	54.900	-69.985	
1	55.000	-69.985	
2	54.100	-69.984	
2	54.200	-69.984	
2	54.300	-69.984	
2	54.400	-69.984	
2	54.500	-69.984	
2	54.600	-69.985	
2	54.700	-69.985	
2	54.800	-69.985	
2	54.900	-69.985	
2	55.000	-69.985	
1	55.100	-69.985	
1	55.200	-69.985	
1	55.300	-69.985	
1	55.400	-69.985	
1	55.500	-69.985	
1	55.600	-69.986	
1	55.700	-69.986	
1	55.800	-69.986	
1	55.900	-69.986	
1	56.000	-69.986	
2	55.100	-69.985	
2	55.200	-69.985	
2	55.300	-69.985	
2	55.400	-69.985	
2	55.500	-69.985	
2	55.600	-69.986	
2	55.700	-69.986	
2	55.800	-69.986	
2	55.900	-69.986	
2	56.000	-69.986	
1	56.100	-69.986	
1	56.200	-69.986	
1	56.300	-69.986	
1	56.400	-69.986	
1	56.500	-69.986	
1	56.600	-69.986	
1	56.700	-69.987	
1	56.800	-69.987	
1	56.900	-69.987	
1	57.000	-69.987	
2	56.100	-69.986	
2	56.200	-69.986	
2	56.300	-69.986	
2	56.400	-69.986	
2	56.500	-69.986	
2	56.600	-69.986	
2	56.700	-69.987	
2	56.800	-69.987	
2	56.900	-69.987	
2	57.000	-69.987	
1	57.100	-69.987	
1	57.200	-69.987	
1	57.300	-69.987	
1	57.400	-69.987	
1	57.500	-69.987	
1	57.600	-69.987	
1	57.700	-69.987	
1	57.800	-69.987	
1	57.900	-69.988	
1	58.000	-69.988	
2	57.100	-69.987	
2	57.200	-69.987	
2	57.300	-69.987	
2	57.400	-69.987	
2	57.500	-69.987	
2	57.600	-69.987	
2	57.700	-69.987	
2	57.800	-69.987	
2	57.900	-69.988	
2	58.000	-69.988	
1	58.100	-69.988	
1	58.200	-69.988	
1	58.300	-69.988	
1	58.400	-69.988	
1	58.500	-69.988	
1	58.600	-69.988	
1	58.700	-69.988	
1	58.800	-69.988	
1	58.900	-69.988	
1	59.000	-69.988	
2	58.100	-69.988	
2	58.200	-69.988	
2	58.300	-69.988	
2	58.400	-69.988	
2	58.500	-69.988	
2	58.600	-69.988	
2	58.700	-69.988	
2	58.800	-69.988	
2	58.900	-69.988	
2	59.000	-69.988	
1	59.100	-69.989	
1	59.200	-69.989	
1	59.300	-69.989	
1	59.400	-69.989	
1	59.500	-69.989	
1	59.600	-69.989	
1	59.700	-69.989	
1	59.800	-69.989	
1	59.900	-69.989	
1	60.000	-69.989	
2	59.100	-69.989	
2	59.200	-69.989	
2	59.300	-69.989	
2	59.400	-69.989	
2	59.500	-69.989	
2	59.600	-69.989	
2	59.700	-69.989	
2	59.800	-69.989	
2	59.900	-69.989	
2	60.000	-69.989	
1	60.100	-69.989	
1	60.200	-69.989	
1	60.300	-69.989	
1	60.400	-69.989	
1	60.500	-69.990	
1	60.600	-69.990	
1	60.700	-69.990	
1	60.800	-69.990	
1	60.900	-69.990	
1	61.000	-69.990	
2	60.100	-69.989	
2	60.200	-69.989	
2	60.300	-69.989	
2	60.400	-69.989	
2	60.500	-69.990	
2	60.600	-69.990	
2	60.700	-69.990	
2	60.800	-69.990	
2	60.900	-69.990	
2	61.000	-69.990	
1	61.100	-69.990	
1	61.200	-69.990	
1	61.300	-69.990	
1	61.400	-69.990	
1	61.500	-69.990	
1	61.600	-69.990	
1	61.700	-69.990	
1	61.800	-69.990	
1	61.900	-69.990	
1	62.000	-69.991	
2	61.100	-69.990	
2	61.200	-69.990	
2	61.300	-69.990	
2	61.400	-69.990	
2	61.500	-69.990	
2	61.600	-69.990	
2	61.700	-69.990	
2	61.800	-69.990	
2	61.900	-69.990	
2	62.000	-69.991	
1	62.100	-69.991	
1	62.200	-69.991	
1	62.300	-69.991	
1	62.400	-69.991	
1	62.500	-69.991	
1	62.600	-69.991	
1	62.700	-69.991	
1	62.800	-69.991	
1	62.900	-69.991	
1	63.000	-69.991	
2	62.100	-69.991	
2	62.200	-69.991	
2	62.300	-69.991	
2	62.400	-69.991	
2	62.500	-69.991	
2	62.600	-69.991	
2	62.700	-69.991	
2	62.800	-69.991	
2	62.900	-69.991	
2	63.000	-69.991	
1	63.100	-69.991	
1	63.200	-69.991	
1	63.300	-69.991	
1	63.400	-69.991	
1	63.500	-69.991	
1	63.600	-69.992	
1	63.700	-69.992	
1	63.800	-69.992	
1	63.900	-69.992	
1	64.000	-69.992	
2	63.100	-69.991	
2	63.200	-69.991	
2	63.300	-69.991	
2	63.400	-69.991	
2	63.500	-69.991	
2	63.600	-69.992	
2	63.700	-69.992	
2	63.800	-69.992	
2	63.900	-69.992	
2	64.000	-69.992	
1	64.100	-69.992	
1	64.200	-69.992	
1	64.300	-69.992	
1	64.400	-69.992	
1	64.500	-69.992	
1	64.600	-69.992	
1	64.700	-69.992	
1	64.800	-69.992	
1	64.900	-69.992	
1	65.000	-69.992	
2	64.100	-69.992	
2	64.200	-69.992	
2	64.300	-69.992	
2	64.400	-69.992	
2	64.500	-69.992	
2	64.600	-69.992	
2	64.700	-69.992	
2	64.800	-69.992	
2	64.900	-69.992	
2	65.000	-69.992	
1	65.100	-69.992	
1	65.200	-69.992	
1	65.300	-69.992	
1	65.400	-69.992	
1	65.500	-69.993	
1	65.600	-69.993	
1	65.700	-69.993	
1	65.800	-69.993	
1	65.900	-69.993	
1	66.000	-69.993	
2	65.100	-69.992	
2	65.200	-69.992	
2	65.300	-69.992	
2	65.400	-69.992	
2	65.500	-69.993	
2	65.600	-69.993	
2	65.700	-69.993	
2	65.800	-69.993	
2	65.900	-69.993	
2	66.000	-69.993	
1	66.100	-69.993	
1	66.200	-69.993	
1	66.300	-69.993	
1	66.400	-69.993	
1	66.500	-69.993	
1	66.600	-69.993	
1	66.700	-69.993	
1	66.800	-69.993	
1	66.900	-69.993	
1	67.000	-69.993	
2	66.100	-69.993	
2	66.200	-69.993	
2	66.300	-69.993	
2	66.400	-69.993	
2	66.500	-69.993	
2	66.600	-69.993	
2	66.700	-69.993	
2	66.800	-69.993	
2	66.900	-69.993	
2	67.000	-69.993	
1	67.100	-69.993	
1	67.200	-69.993	
1	67.300	-69.993	
1	67.400	-69.993	
1	67.500	-69.993	
1	67.600	-69.993	
1	67.700	-69.994	
1	67.800	-69.994	
1	67.900	-69.994	
1	68.000	-69.994	
2	67.100	-69.993	
2	67.200	-69.993	
2	67.300	-69.993	
2	67.400	-69.993	
2	67.500	-69.993	
2	67.600	-69.993	
2	67.700	-69.994	
2	67.800	-69.994	
2	67.900	-69.994	
2	68.000	-69.994	
1	68.100	-69.994	
1	68.200	-69.994	
1	68.300	-69.994	
1	68.400	-69.994	
1	68.500	-69.994	
1	68.600	-69.994	
1	68.700	-69.994	
1	68.800	-69.994	
1	68.900	-69.994	
1	69.000	-69.994	
2	68.100	-69.994	
2	68.200	-69.994	
2	68.300	-69.994	
2	68.400	-69.994	
2	68.500	-69.994	
2	68.600	-69.994	
2	68.700	-69.994	
2	68.800	-69.994	
2	68.900	-69.994	
2	69.000	-69.994	
1	69.100	-69.994	
1	69.200	-69.994	
1	69.300	-69.994	
1	69.400	-69.994	
1	69.500	-69.994	
1	69.600	-69.994	
1	69.700	-69.994	
1	69.800	-69.994	
1	69.900	-69.994	
1	70.000	-69.994	
2	69.100	-69.994	
2	69.200	-69.994	
2	69.300	-69.994	
2	69.400	-69.994	
2	69.500	-69.994	
2	69.600	-69.994	
2	69.700	-69.994	
2	69.800	-69.994	
2	69.900	-69.994	
2	70.000	-69.994	
1	70.100	-69.994	
1	70.200	-69.995	
1	70.300	-69.995	
1	70.400	-69.995	
1	70.500	-69.995	
1	70.600	-69.995	
1	70.700	-69.995	
1	70.800	-69.995	
1	70.900	-69.995	
1	71.000	-69.995	
2	70.100	-69.994	
2	70.200	-69.995	
2	70.300	-69.995	
2	70.400	-69.995	
2	70.500	-69.995	
2	70.600	-69.995	
2	70.700	-69.995	
2	70.800	-69.995	
2	70.900	-69.995	
2	71.000	-69.995	
1	71.100	-69.995	
1	71.200	-69.995	
1	71.300	-69.995	
1	71.400	-69.995	
1	71.500	-69.995	
1	71.600	-69.995	
1	71.700	-69.995	
1	71.800	-69.995	
1	71.900	-69.995	
1	72.000	-69.995	
2	71.100	-69.995	
2	71.200	-69.995	
2	71.300	-69.995	
2	71.400	-69.995	
2	71.500	-69.995	
2	71.600	-69.995	
2	71.700	-69.995	
2	71.800	-69.995	
2	71.900	-69.995	
2	72.000	-69.995	
1	72.100	-69.995	
1	72.200	-69.995	
1	72.300	-69.995	
1	72.400	-69.995	
1	72.500	-69.995	
1	72.600	-69.995	
1	72.700	-69.995	
1	72.800	-69.995	
1	72.900	-69.995	
1	73.000	-69.995	
2	72.100	-69.995	
2	72.200	-69.995	
2	72.300	-69.995	
2	72.400	-69.995	
2	72.500	-69.995	
2	72.600	-69.995	
2	72.700	-69.995	
2	72.800	-69.995	
2	72.900	-69.995	
2	73.000	-69.995	
1	73.100	-69.995	
1	73.200	-69.996	
1	73.300	-69.996	
1	73.400	-69.996	
1	73.500	-69.996	
1	73.600	-69.996	
1	73.700	-69.996	
1	73.800	-69.996	
1	73.900	-69.996	
1	74.000	-69.996	
2	73.100	-69.995	
2	73.200	-69.996	
2	73.300	-69.996	
2	73.400	-69.996	
2	73.500	-69.996	
2	73.600	-69.996	
2	73.700	-69.996	
2	73.800	-69.996	
2	73.900	-69.996	
2	74.000	-69.996	
1	74.100	-69.996	
1	74.200	-69.996	
1	74.300	-69.996	
1	74.400	-69.996	
1	74.500	-69.996	
1	74.600	-69.996	
1	74.700	-69.996	
1	74.800	-69.996	
1	74.900	-69.996	
1	75.000	-69.996	
2	74.100	-69.996	
2	74.200	-69.996	
2	74.300	-69.996	
2	74.400	-69.996	
2	74.500	-69.996	
2	74.600	-69.996	
2	74.700	-69.996	
2	74.800	-69.996	
2	74.900	-69.996	
2	75.000	-69.996	
1	75.100	-69.996	
1	75.200	-69.996	
1	75.300	-69.996	
1	75.400	-69.996	
1	75.500	-69.996	
1	75.600	-69.996	
1	75.700	-69.996	
1	75.800	-69.996	
1	75.900	-69.996	
1	76.000	-69.996	
2	75.100	-69.996	
2	75.200	-69.996	
2	75.300	-69.996	
2	75.400	-69.996	
2	75.500	-69.996	
2	75.600	-69.996	
2	75.700	-69.996	
2	75.800	-69.996	
2	75.900	-69.996	
2	76.000	-69.996	
1	76.100	-69.996	
1	76.200	-69.996	
1	76.300	-69.996	
1	76.400	-69.996	
1	76.500	-69.996	
1	76.600	-69.996	
1	76.700	-69.996	
1	76.800	-69.996	
1	76.900	-69.996	
1	77.000	-69.997	
2	76.100	-69.996	
2	76.200	-69.996	
2	76.300	-69.996	
2	76.400	-69.996	
2	76.500	-69.996	
2	76.600	-69.996	
2	76.700	-69.996	
2	76.800	-69.996	
2	76.900	-69.996	
2	77.000	-69.997	
1	77.100	-69.997	
1	77.200	-69.997	
1	77.300	-69.997	
1	77.400	-69.997	
1	77.500	-69.997	
1	77.600	-69.997	
1	77.700	-69.997	
1	77.800	-69.997	
1	77.900	-69.997	
1	78.000	-69.997	
2	77.100	-69.997	
2	77.200	-69.997	
2	77.300	-69.997	
2	77.400	-69.997	
2	77.500	-69.997	
2	77.600	-69.997	
2	77.700	-69.997	
2	77.800	-69.997	
2	77.900	-69.997	
2	78.000	-69.997	
1	78.100	-69.997	
1	78.200	-69.997	
1	78.300	-69.997	
1	78.400	-69.997	
1	78.500	-69.997	
1	78.600	-69.997	
1	78.700	-69.997	
1	78.800	-69.997	
1	78.900	-69.997	
1	79.000	-69.997	
2	78.100	-69.997	
2	78.200	-69.997	
2	78.300	-69.997	
2	78.400	-69.997	
2	78.500	-69.997	
2	78.600	-69.997	
2	78.700	-69.997	
2	78.800	-69.997	
2	78.900	-69.997	
2	79.000	-69.997	
1	79.100	-69.997	
1	79.200	-69.997	
1	79.300	-69.997	
1	79.400	-69.997	
1	79.500	-69.997	
1	79.600	-69.997	
1	79.700	-69.997	
1	79.800	-69.997	
1	79.900	-69.997	
1	80.000	-69.997	
2	79.100	-69.997	
2	79.200	-69.997	
2	79.300	-69.997	
2	79.400	-69.997	
2	79.500	-69.997	
2	79.600	-69.997	
2	79.700	-69.997	
2	79.800	-69.997	
2	79.900	-69.997	
2	80.000	-69.997	
1	80.100	-69.997	
1	80.200	-69.997	
1	80.300	-69.997	
1	80.400	-69.997	
1	80.500	-69.997	
1	80.600	-69.997	
1	80.700	-69.997	
1	80.800	-69.997	
1	80.900	-69.997	
1	81.000	-69.997	
2	80.100	-69.997	
2	80.200	-69.997	
2	80.300	-69.997	
2	80.400	-69.997	
2	80.500	-69.997	
2	80.600	-69.997	
2	80.700	-69.997	
2	80.800	-69.997	
2	80.900	-69.997	
2	81.000	-69.997	
1	81.100	-69.997	
1	81.200	-69.997	
1	81.300	-69.997	
1	81.400	-69.997	
1	81.500	-69.997	
1	81.600	-69.997	
1	81.700	-69.997	
1	81.800	-69.997	
1	81.900	-69.997	
1	82.000	-69.998	
2	81.100	-69.888	
2	81.200	-69.822	
2	81.300	-69.783	
2	81.400	-69.760	
2	81.500	-69.747	
2	81.600	-69.739	
2	81.700	-69.736	
2	81.800	-69.734	
2	81.900	-69.734	
2	82.000	-69.734	
1	82.100	-69.998	
1	82.200	-69.998	
1	82.300	-69.998	
1	82.400	-69.998	
1	82.500	-69.998	
1	82.600	-69.998	
1	82.700	-69.998	
1	82.800	-69.998	
1	82.900	-69.998	
1	83.000	-69.998	
2	82.100	-69.735	
2	82.200	-69.737	
2	82.300	-69.738	
2	82.400	-69.740	
2	82.500	-69.741	
2	82.600	-69.743	
2	82.700	-69.745	
2	82.800	-69.746	
2	82.900	-69.748	
2	83.000	-69.750	
1	83.100	-69.998	
1	83.200	-69.998	
1	83.300	-69.998	
1	83.400	-69.998	
1	83.500	-69.998	
1	83.600	-69.998	
1	83.700	-69.998	
1	83.800	-69.998	
1	83.900	-69.998	
1	84.000	-69.998	
2	83.100	-69.751	
2	83.200	-69.753	
2	83.300	-69.755	
2	83.400	-69.756	
2	83.500	-69.758	
2	83.600	-69.760	
2	83.700	-69.761	
2	83.800	-69.763	
2	83.900	-69.764	
2	84.000	-69.766	
1	84.100	-69.998	
1	84.200	-69.998	
1	84.300	-69.998	
1	84.400	-69.998	
1	84.500	-69.998	
1	84.600	-69.998	
1	84.700	-69.998	
1	84.800	-69.998	
1	84.900	-69.998	
1	85.000	-69.998	
2	84.100	-69.768	
2	84.200	-69.769	
2	84.300	-69.771	
2	84.400	-69.772	
2	84.500	-69.774	
2	84.600	-69.775	
2	84.700	-69.777	
2	84.800	-69.778	
2	84.900	-69.780	
2	85.000	-69.781	
1	85.100	-69.998	
1	85.200	-69.998	
1	85.300	-69.998	
1	85.400	-69.998	
1	85.500	-69.998	
1	85.600	-69.998	
1	85.700	-69.998	
1	85.800	-69.998	
1	85.900	-69.998	
1	86.000	-69.998	
2	85.100	-69.782	
2	85.200	-69.784	
2	85.300	-69.785	
2	85.400	-69.787	
2	85.500	-69.788	
2	85.600	-69.790	
2	85.700	-69.791	
2	85.800	-69.792	
2	85.900	-69.794	
2	86.000	-69.795	
1	86.100	-69.998	
1	86.200	-69.998	
1	86.300	-69.998	
1	86.400	-69.998	
1	86.500	-69.998	
1	86.600	-69.998	
1	86.700	-69.998	
1	86.800	-69.998	
1	86.900	-69.998	
1	87.000	-69.998	
2	86.100	-69.797	
2	86.200	-69.798	
2	86.300	-69.799	
2	86.400	-69.801	
2	86.500	-69.802	
2	86.600	-69.803	
2	86.700	-69.805	
2	86.800	-69.806	
2	86.900	-69.807	
2	87.000	-69.808	
1	87.100	-69.998	
1	87.200	-69.998	
1	87.300	-69.998	
1	87.400	-69.998	
1	87.500	-69.998	
1	87.600	-69.998	
1	87.700	-69.998	
1	87.800	-69.998	
1	87.900	-69.998	
1	88.000	-69.998	
2	87.100	-69.810	
2	87.200	-69.811	
2	87.300	-69.812	
2	87.400	-69.813	
2	87.500	-69.815	
2	87.600	-69.816	
2	87.700	-69.817	
2	87.800	-69.818	
2	87.900	-69.820	
2	88.000	-69.821	
1	88.100	-69.998	
1	88.200	-69.998	
1	88.300	-69.998	
1	88.400	-69.998	
1	88.500	-69.998	
1	88.600	-69.998	
1	88.700	-69.998	
1	88.800	-69.998	
1	88.900	-69.998	
1	89.000	-69.998	
2	88.100	-69.822	
2	88.200	-69.823	
2	88.300	-69.824	
2	88.400	-69.825	
2	88.500	-69.827	
2	88.600	-69.828	
2	88.700	-69.829	
2	88.800	-69.830	
2	88.900	-69.831	
2	89.000	-69.832	
1	89.100	-69.998	
1	89.200	-69.998	
1	89.300	-69.998	
1	89.400	-69.998	
1	89.500	-69.998	
1	89.600	-69.998	
1	89.700	-69.999	
1	89.800	-69.999	
1	89.900	-69.999	
1	90.000	-69.999	
2	89.100	-69.833	
2	89.200	-69.835	
2	89.300	-69.836	
2	89.400	-69.837	
2	89.500	-69.838	
2	89.600	-69.839	
2	89.700	-69.840	
2	89.800	-69.841	
2	89.900	-69.842	
2	90.000	-69.843	
1	90.100	-69.999	
1	90.200	-69.999	
1	90.300	-69.999	
1	90.400	-69.999	
1	90.500	-69.999	
1	90.600	-69.999	
1	90.700	-69.999	
1	90.800	-69.999	
1	90.900	-69.999	
1	91.000	-69.999	
2	90.100	-69.844	
2	90.200	-69.845	
2	90.300	-69.846	
2	90.400	-69.847	
2	90.500	-69.848	
2	90.600	-69.849	
2	90.700	-69.850	
2	90.800	-69.851	
2	90.900	-69.852	
2	91.000	-69.853	
1	91.100	-69.999	
1	91.200	-69.999	
1	91.300	-69.999	
1	91.400	-69.999	
1	91.500	-69.999	
1	91.600	-69.999	
1	91.700	-69.999	
1	91.800	-69.999	
1	91.900	-69.999	
1	92.000	-69.999	
2	91.100	-69.854	
2	91.200	-69.855	
2	91.300	-69.856	
2	91.400	-69.857	
2	91.500	-69.858	
2	91.600	-69.859	
2	91.700	-69.860	
2	91.800	-69.861	
2	91.900	-69.862	
2	92.000	-69.863	
1	92.100	-69.999	
1	92.200	-69.999	
1	92.300	-69.999	
1	92.400	-69.999	
1	92.500	-69.999	
1	92.600	-69.999	
1	92.700	-69.999	
1	92.800	-69.999	
1	92.900	-69.999	
1	93.000	-69.999	
2	92.100	-69.864	
2	92.200	-69.865	
2	92.300	-69.865	
2	92.400	-69.866	
2	92.500	-69.867	
2	92.600	-69.868	
2	92.700	-69.869	
2	92.800	-69.870	
2	92.900	-69.871	
2	93.000	-69.872	
1	93.100	-69.999	
1	93.200	-69.999	
1	93.300	-69.999	
1	93.400	-69.999	
1	93.500	-69.999	
1	93.600	-69.999	
1	93.700	-69.999	
1	93.800	-69.999	
1	93.900	-69.999	
1	94.000	-69.999	
2	93.100	-69.872	
2	93.200	-69.873	
2	93.300	-69.874	
2	93.400	-69.875	
2	93.500	-69.876	
2	93.600	-69.877	
2	93.700	-69.877	
2	93.800	-69.878	
2	93.900	-69.879	
2	94.000	-69.880	
1	94.100	-69.999	
1	94.200	-69.999	
1	94.300	-69.999	
1	94.400	-69.999	
1	94.500	-69.999	
1	94.600	-69.999	
1	94.700	-69.999	
1	94.800	-69.999	
1	94.900	-69.999	
1	95.000	-69.999	
2	94.100	-69.881	
2	94.200	-69.881	
2	94.300	-69.882	
2	94.400	-69.883	
2	94.500	-69.884	
2	94.600	-69.885	
2	94.700	-69.885	
2	94.800	-69.886	
2	94.900	-69.887	
2	95.000	-69.888	
1	95.100	-69.999	
1	95.200	-69.999	
1	95.300	-69.999	
1	95.400	-69.999	
1	95.500	-69.999	
1	95.600	-69.999	
1	95.700	-69.999	
1	95.800	-69.999	
1	95.900	-69.999	
1	96.000	-69.999	
2	95.100	-69.888	
2	95.200	-69.889	
2	95.300	-69.890	
2	95.400	-69.891	
2	95.500	-69.891	
2	95.600	-69.892	
2	95.700	-69.893	
2	95.800	-69.893	
2	95.900	-69.894	
2	96.000	-69.895	
1	96.100	-69.999	
1	96.200	-69.999	
1	96.300	-69.999	
1	96.400	-69.999	
1	96.500	-69.999	
1	96.600	-69.999	
1	96.700	-69.999	
1	96.800	-69.999	
1	96.900	-69.999	
1	97.000	-69.999	
2	96.100	-69.896	
2	96.200	-69.896	
2	96.300	-69.897	
2	96.400	-69.898	
2	96.500	-69.898	
2	96.600	-69.899	
2	96.700	-69.900	
2	96.800	-69.900	
2	96.900	-69.901	
2	97.000	-69.902	
1	97.100	-69.999	
1	97.200	-69.999	
1	97.300	-69.999	
1	97.400	-69.999	
1	97.500	-69.999	
1	97.600	-69.999	
1	97.700	-69.999	
1	97.800	-69.999	
1	97.900	-69.999	
1	98.000	-69.999	
2	97.100	-69.902	
2	97.200	-69.903	
2	97.300	-69.904	
2	97.400	-69.904	
2	97.500	-69.905	
2	97.600	-69.905	
2	97.700	-69.906	
2	97.800	-69.907	
2	97.900	-69.907	
2	98.000	-69.908	
1	98.100	-69.999	
1	98.200	-69.999	
1	98.300	-69.999	
1	98.400	-69.999	
1	98.500	-69.999	
1	98.600	-69.999	
1	98.700	-69.999	
1	98.800	-69.999	
1	98.900	-69.999	
1	99.000	-69.999	
2	98.100	-69.909	
2	98.200	-69.909	
2	98.300	-69.910	
2	98.400	-69.910	
2	98.500	-69.911	
2	98.600	-69.912	
2	98.700	-69.912	
2	98.800	-69.913	
2	98.900	-69.913	
2	99.000	-69.914	
1	99.100	-69.999	
1	99.200	-69.999	
1	99.300	-69.999	
1	99.400	-69.999	
1	99.500	-69.999	
1	99.600	-69.999	
1	99.700	-69.999	
1	99.800	-69.999	
1	99.900	-69.999	
1	100.000	-69.999	
2	99.100	-69.914	
2	99.200	-69.915	
2	99.300	-69.916	
2	99.400	-69.916	
2	99.500	-69.917	
2	99.600	-69.917	
2	99.700	-69.918	
2	99.800	-69.918	
2	99.900	-69.919	
2	100.000	-69.919	
1	100.100	-69.999	
1	100.200	-69.999	
1	100.300	-69.999	
1	100.400	-69.999	
1	100.500	-69.999	
1	100.600	-69.999	
1	100.700	-69.999	
1	100.800	-69.999	
1	100.900	-69.999	
1	101.000	-69.999	
2	100.100	-69.920	
2	100.200	-69.921	
2	100.300	-69.921	
2	100.400	-69.922	
2	100.500	-69.922	
2	100.600	-69.923	
2	100.700	-69.923	
2	100.800	-69.924	
2	100.900	-69.924	
2	101.000	-69.925	
1	101.100	-69.999	
1	101.200	-69.999	
1	101.300	-69.999	
1	101.400	-69.999	
1	101.500	-69.999	
1	101.600	-69.999	
1	101.700	-69.999	
1	101.800	-69.999	
1	101.900	-69.999	
1	102.000	-69.999	
2	101.100	-69.925	
2	101.200	-69.926	
2	101.300	-69.926	
2	101.400	-69.927	
2	101.500	-69.927	
2	101.600	-69.928	
2	101.700	-69.928	
2	101.800	-69.929	
2	101.900	-69.929	
2	102.000	-69.930	
1	102.100	-69.999	
1	102.200	-69.999	
1	102.300	-69.999	
1	102.400	-69.999	
1	102.500	-69.999	
1	102.600	-69.999	
1	102.700	-69.999	
1	102.800	-69.999	
1	102.900	-69.999	
1	103.000	-69.999	
2	102.100	-69.930	
2	102.200	-69.930	
2	102.300	-69.931	
2	102.400	-69.931	
2	102.500	-69.932	
2	102.600	-69.932	
2	102.700	-69.933	
2	102.800	-69.933	
2	102.900	-69.934	
2	103.000	-69.934	
1	103.100	-69.999	
1	103.200	-69.999	
1	103.300	-69.999	
1	103.400	-69.999	
1	103.500	-69.999	
1	103.600	-69.999	
1	103.700	-69.999	
1	103.800	-69.999	
1	103.900	-69.999	
1	104.000	-69.999	
2	103.100	-69.934	
2	103.200	-69.935	
2	103.300	-69.935	
2	103.400	-69.936	
2	103.500	-69.936	
2	103.600	-69.937	
2	103.700	-69.937	
2	103.800	-69.937	
2	103.900	-69.938	
2	104.000	-69.938	
1	104.100	-69.999	
1	104.200	-69.999	
1	104.300	-69.999	
1	104.400	-69.999	
1	104.500	-69.999	
1	104.600	-69.999	
1	104.700	-69.999	
1	104.800	-69.999	
1	104.900	-69.999	
1	105.000	-69.999	
2	104.100	-69.939	
2	104.200	-69.939	
2	104.300	-69.940	
2	104.400	-69.940	
2	104.500	-69.940	
2	104.600	-69.941	
2	104.700	-69.941	
2	104.800	-69.942	
2	104.900	-69.942	
2	105.000	-69.942	
1	105.100	-69.999	
1	105.200	-69.999	
1	105.300	-69.999	
1	105.400	-69.999	
1	105.500	-69.999	
1	105.600	-69.999	
1	105.700	-69.999	
1	105.800	-69.999	
1	105.900	-69.999	
1	106.000	-69.999	
2	105.100	-69.943	
2	105.200	-69.943	
2	105.300	-69.943	
2	105.400	-69.944	
2	105.500	-69.944	
2	105.600	-69.945	
2	105.700	-69.945	
2	105.800	-69.945	
2	105.900	-69.946	
2	106.000	-69.946	
1	106.100	-70.000	
1	106.200	-70.000	
1	106.300	-70.000	
1	106.400	-70.000	
1	106.500	-70.000	
1	106.600	-70.000	
1	106.700	-70.000	
1	106.800	-70.000	
1	106.900	-70.000	
1	107.000	-70.000	
2	106.100	-69.946	
2	106.200	-69.947	
2	106.300	-69.947	
2	106.400	-69.947	
2	106.500	-69.948	
2	106.600	-69.948	
2	106.700	-69.948	
2	106.800	-69.949	
2	106.900	-69.949	
2	107.000	-69.949	
1	107.100	-70.000	
1	107.200	-70.000	
1	107.300	-70.000	
1	107.400	-70.000	
1	107.500	-70.000	
1	107.600	-70.000	
1	107.700	-70.000	
1	107.800	-70.000	
1	107.900	-70.000	
1	108.000	-70.000	
2	107.100	-69.950	
2	107.200	-69.950	
2	107.300	-69.950	
2	107.400	-69.951	
2	107.500	-69.951	
2	107.600	-69.951	
2	107.700	-69.952	
2	107.800	-69.952	
2	107.900	-69.952	
2	108.000	-69.953	
1	108.100	-70.000	
1	108.200	-70.000	
1	108.300	-70.000	
1	108.400	-70.000	
1	108.500	-70.000	
1	108.600	-70.000	
1	108.700	-70.000	
1	108.800	-70.000	
1	108.900	-70.000	
1	109.000	-70.000	
2	108.100	-69.953	
2	108.200	-69.953	
2	108.300	-69.954	
2	108.400	-69.954	
2	108.500	-69.954	
2	108.600	-69.955	
2	108.700	-69.955	
2	108.800	-69.955	
2	108.900	-69.955	
2	109.000	-69.956	
1	109.100	-70.000	
1	109.200	-70.000	
1	109.300	-70.000	
1	109.400	-70.000	
1	109.500	-70.000	
1	109.600	-70.000	
1	109.700	-70.000	
1	109.800	-70.000	
1	109.900	-70.000	
1	110.000	-70.000	
2	109.100	-69.956	
2	109.200	-69.956	
2	109.300	-69.957	
2	109.400	-69.957	
2	109.500	-69.957	
2	109.600	-69.958	
2	109.700	-69.958	
2	109.800	-69.958	
2	109.900	-69.958	
2	110.000	-69.959	
1	110.100	-70.000	
1	110.200	-70.000	
1	110.300	-70.000	
1	110.400	-70.000	
1	110.500	-70.000	
1	110.600	-70.000	
1	110.700	-70.000	
1	110.800	-70.000	
1	110.900	-70.000	
1	111.000	-70.000	
2	110.100	-69.959	
2	110.200	-69.959	
2	110.300	-69.959	
2	110.400	-69.960	
2	110.500	-69.960	
2	110.600	-69.960	
2	110.700	-69.961	
2	110.800	-69.961	
2	110.900	-69.961	
2	111.000	-69.961	
1	111.100	-70.000	
1	111.200	-70.000	
1	111.300	-70.000	
1	111.400	-70.000	
1	111.500	-70.000	
1	111.600	-70.000	
1	111.700	-70.000	
1	111.800	-70.000	
1	111.900	-70.000	
1	112.000	-70.000	
2	111.100	-69.962	
2	111.200	-69.962	
2	111.300	-69.962	
2	111.400	-69.962	
2	111.500	-69.963	
2	111.600	-69.963	
2	111.700	-69.963	
2	111.800	-69.963	
2	111.900	-69.964	
2	112.000	-69.964	
1	112.100	-70.000	
1	112.200	-70.000	
1	112.300	-70.000	
1	112.400	-70.000	
1	112.500	-70.000	
1	112.600	-70.000	
1	112.700	-70.000	
1	112.800	-70.000	
1	112.900	-70.000	
1	113.000	-70.000	
2	112.100	-69.964	
2	112.200	-69.964	
2	112.300	-69.965	
2	112.400	-69.965	
2	112.500	-69.965	
2	112.600	-69.965	
2	112.700	-69.965	
2	112.800	-69.966	
2	112.900	-69.966	
2	113.000	-69.966	
1	113.100	-70.000	
1	113.200	-70.000	
1	113.300	-70.000	
1	113.400	-70.000	
1	113.500	-70.000	
1	113.600	-70.000	
1	113.700	-70.000	
1	113.800	-70.000	
1	113.900	-70.000	
1	114.000	-70.000	
2	113.100	-69.966	
2	113.200	-69.967	
2	113.300	-69.967	
2	113.400	-69.967	
2	113.500	-69.967	
2	113.600	-69.967	
2	113.700	-69.968	
2	113.800	-69.968	
2	113.900	-69.968	
2	114.000	-69.968	
1	114.100	-70.000	
1	114.200	-70.000	
1	114.300	-70.000	
1	114.400	-70.000	
1	114.500	-70.000	
1	114.600	-70.000	
1	114.700	-70.000	
1	114.800	-70.000	
1	114.900	-70.000	
1	115.000	-70.000	
2	114.100	-69.969	
2	114.200	-69.969	
2	114.300	-69.969	
2	114.400	-69.969	
2	114.500	-69.969	
2	114.600	-69.970	
2	114.700	-69.970	
2	114.800	-69.970	
2	114.900	-69.970	
2	115.000	-69.970	
1	115.100	-70.000	
1	115.200	-70.000	
1	115.300	-70.000	
1	115.400	-70.000	
1	115.500	-70.000	
1	115.600	-70.000	
1	115.700	-70.000	
1	115.800	-70.000	
1	115.900	-70.000	
1	116.000	-70.000	
2	115.100	-69.971	
2	115.200	-69.971	
2	115.300	-69.971	
2	115.400	-69.971	
2	115.500	-69.971	
2	115.600	-69.972	
2	115.700	-69.972	
2	115.800	-69.972	
2	115.900	-69.972	
2	116.000	-69.972	
1	116.100	-70.000	
1	116.200	-70.000	
1	116.300	-70.000	
1	116.400	-70.000	
1	116.500	-70.000	
1	116.600	-70.000	
1	116.700	-70.000	
1	116.800	-70.000	
1	116.900	-70.000	
1	117.000	-70.000	
2	116.100	-69.972	
2	116.200	-69.973	
2	116.300	-69.973	
2	116.400	-69.973	
2	116.500	-69.973	
2	116.600	-69.973	
2	116.700	-69.974	
2	116.800	-69.974	
2	116.900	-69.974	
2	117.000	-69.974	
1	117.100	-70.000	
1	117.200	-70.000	
1	117.300	-70.000	
1	117.400	-70.000	
1	117.500	-70.000	
1	117.600	-70.000	
1	117.700	-70.000	
1	117.800	-70.000	
1	117.900	-70.000	
1	118.000	-70.000	
2	117.100	-69.974	
2	117.200	-69.974	
2	117.300	-69.975	
2	117.400	-69.975	
2	117.500	-69.975	
2	117.600	-69.975	
2	117.700	-69.975	
2	117.800	-69.975	
2	117.900	-69.976	
2	118.000	-69.976	
1	118.100	-70.000	
1	118.200	-70.000	
1	118.300	-70.000	
1	118.400	-70.000	
1	118.500	-70.000	
1	118.600	-70.000	
1	118.700	-70.000	
1	118.800	-70.000	
1	118.900	-70.000	
1	119.000	-70.000	
2	118.100	-69.976	
2	118.200	-69.976	
2	118.300	-69.976	
2	118.400	-69.976	
2	118.500	-69.977	
2	118.600	-69.977	
2	118.700	-69.977	
2	118.800	-69.977	
2	118.900	-69.977	
2	119.000	-69.977	
1	119.100	-70.000	
1	119.200	-70.000	
1	119.300	-70.000	
1	119.400	-70.000	
1	119.500	-70.000	
1	119.600	-70.000	
1	119.700	-70.000	
1	119.800	-70.000	
1	119.900	-70.000	
1	120.000	-70.000	
2	119.100	-69.977	
2	119.200	-69.978	
2	119.300	-69.978	
2	119.400	-69.978	
2	119.500	-69.978	
2	119.600	-69.978	
2	119.700	-69.978	
2	119.800	-69.978	
2	119.900	-69.979	
2	120.000	-69.979	
1	120.100	-70.000	
1	120.200	-70.000	
1	120.300	-70.000	
1	120.400	-70.000	
1	120.500	-70.000	
1	120.600	-70.000	
1	120.700	-70.000	
1	120.800	-70.000	
1	120.900	-70.000	
1	121.000	-70.000	
2	120.100	-69.979	
2	120.200	-69.979	
2	120.300	-69.979	
2	120.400	-69.979	
2	120.500	-69.979	
2	120.600	-69.980	
2	120.700	-69.980	
2	120.800	-69.980	
2	120.900	-69.980	
2	121.000	-69.980	
1	121.100	-70.000	
1	121.200	-70.000	
1	121.300	-70.000	
1	121.400	-70.000	
1	121.500	-70.000	
1	121.600	-70.000	
1	121.700	-70.000	
1	121.800	-70.000	
1	121.900	-70.000	
1	122.000	-70.000	
2	121.100	-69.980	
2	121.200	-69.980	
2	121.300	-69.981	
2	121.400	-69.981	
2	121.500	-69.981	
2	121.600	-69.981	
2	121.700	-69.981	
2	121.800	-69.981	
2	121.900	-69.981	
2	122.000	-69.981	
1	122.100	-70.000	
1	122.200	-70.000	
1	122.300	-70.000	
1	122.400	-70.000	
1	122.500	-70.000	
1	122.600	-70.000	
1	122.700	-70.000	
1	122.800	-70.000	
1	122.900	-70.000	
1	123.000	-70.000	
2	122.100	-69.982	
2	122.200	-69.982	
2	122.300	-69.982	
2	122.400	-69.982	
2	122.500	-69.982	
2	122.600	-69.982	
2	122.700	-69.982	
2	122.800	-69.982	
2	122.900	-69.982	
2	123.000	-69.983	
1	123.100	-70.000	
1	123.200	-70.000	
1	123.300	-70.000	
1	123.400	-70.000	
1	123.500	-70.000	
1	123.600	-70.000	
1	123.700	-70.000	
1	123.800	-70.000	
1	123.900	-70.000	
1	124.000	-70.000	
2	123.100	-69.983	
2	123.200	-69.983	
2	123.300	-69.983	
2	123.400	-69.983	
2	123.500	-69.983	
2	123.600	-69.983	
2	123.700	-69.983	
2	123.800	-69.984	
2	123.900	-69.984	
2	124.000	-69.984	
1	124.100	-70.000	
1	124.200	-70.000	
1	124.300	-70.000	
1	124.400	-70.000	
1	124.500	-70.000	
1	124.600	-70.000	
1	124.700	-70.000	
1	124.800	-70.000	
1	124.900	-70.000	
1	125.000	-70.000	
2	124.100	-69.984	
2	124.200	-69.984	
2	124.300	-69.984	
2	124.400	-69.984	
2	124.500	-69.984	
2	124.600	-69.984	
2	124.700	-69.984	
2	124.800	-69.985	
2	124.900	-69.985	
2	125.000	-69.985	
1	125.100	-70.000	
1	125.200	-70.000	
1	125.300	-70.000	
1	125.400	-70.000	
1	125.500	-70.000	
1	125.600	-70.000	
1	125.700	-70.000	
1	125.800	-70.000	
1	125.900	-70.000	
1	126.000	-70.000	
2	125.100	-69.985	
2	125.200	-69.985	
2	125.300	-69.985	
2	125.400	-69.985	
2	125.500	-69.985	
2	125.600	-69.985	
2	125.700	-69.985	
2	125.800	-69.986	
2	125.900	-69.986	
2	126.000	-69.986	
1	126.100	-70.000	
1	126.200	-70.000	
1	126.300	-70.000	
1	126.400	-70.000	
1	126.500	-70.000	
1	126.600	-70.000	
1	126.700	-70.000	
1	126.800	-70.000	
1	126.900	-70.000	
1	127.000	-70.000	
2	126.100	-69.986	
2	126.200	-69.986	
2	126.300	-69.986	
2	126.400	-69.986	
2	126.500	-69.986	
2	126.600	-69.986	
2	126.700	-69.986	
2	126.800	-69.987	
2	126.900	-69.987	
2	127.000	-69.987	
1	127.100	-70.000	
1	127.200	-70.000	
1	127.300	-70.000	
1	127.400	-70.000	
1	127.500	-70.000	
1	127.600	-70.000	
1	127.700	-70.000	
1	127.800	-70.000	
1	127.900	-70.000	
1	128.000	-70.000	
2	127.100	-69.987	
2	127.200	-69.987	
2	127.300	-69.987	
2	127.400	-69.987	
2	127.500	-69.987	
2	127.600	-69.987	
2	127.700	-69.987	
2	127.800	-69.987	
2	127.900	-69.987	
2	128.000	-69.988	
1	128.100	-70.000	
1	128.200	-70.000	
1	128.300	-70.000	
1	128.400	-70.000	
1	128.500	-70.000	
1	128.600	-70.000	
1	128.700	-70.000	
1	128.800	-70.000	
1	128.900	-70.000	
1	129.000	-70.000	
2	128.100	-69.988	
2	128.200	-69.988	
2	128.300	-69.988	
2	128.400	-69.988	
2	128.500	-69.988	
2	128.600	-69.988	
2	128.700	-69.988	
2	128.800	-69.988	
2	128.900	-69.988	
2	129.000	-69.988	
1	129.100	-70.000	
1	129.200	-70.000	
1	129.300	-70.000	
1	129.400	-70.000	
1	129.500	-70.000	
1	129.600	-70.000	
1	129.700	-70.000	
1	129.800	-70.000	
1	129.900	-70.000	
1	130.000	-70.000	
2	129.100	-69.988	
2	129.200	-69.989	
2	129.300	-69.989	
2	129.400	-69.989	
2	129.500	-69.989	
2	129.600	-69.989	
2	129.700	-69.989	
2	129.800	-69.989	
2	129.900	-69.989	
2	130.000	-69.989	
1	130.100	-70.000	
1	130.200	-70.000	
1	130.300	-70.000	
1	130.400	-70.000	
1	130.500	-70.000	
1	130.600	-70.000	
1	130.700	-70.000	
1	130.800	-70.000	
1	130.900	-70.000	
1	131.000	-70.000	
2	130.100	-69.989	
2	130.200	-69.989	
2	130.300	-69.989	
2	130.400	-69.989	
2	130.500	-69.989	
2	130.600	-69.990	
2	130.700	-69.990	
2	130.800	-69.990	
2	130.900	-69.990	
2	131.000	-69.990	
1	131.100	-70.000	
1	131.200	-70.000	
1	131.300	-70.000	
1	131.400	-70.000	
1	131.500	-70.000	
1	131.600	-70.000	
1	131.700	-70.000	
1	131.800	-70.000	
1	131.900	-70.000	
1	132.000	-70.000	
2	131.100	-69.990	
2	131.200	-69.990	
2	131.300	-69.990	
2	131.400	-69.990	
2	131.500	-69.990	
2	131.600	-69.990	
2	131.700	-69.990	
2	131.800	-69.990	
2	131.900	-69.990	
2	132.000	-69.990	
1	132.100	-70.000	
1	132.200	-70.000	
1	132.300	-70.000	
1	132.400	-70.000	
1	132.500	-70.000	
1	132.600	-70.000	
1	132.700	-70.000	
1	132.800	-70.000	
1	132.900	-70.000	
1	133.000	-70.000	
2	132.100	-69.991	
2	132.200	-69.991	
2	132.300	-69.991	
2	132.400	-69.991	
2	132.500	-69.991	
2	132.600	-69.991	
2	132.700	-69.991	
2	132.800	-69.991	
2	132.900	-69.991	
2	133.000	-69.991	
1	133.100	-70.000	
1	133.200	-70.000	
1	133.300	-70.000	
1	133.400	-70.000	
1	133.500	-70.000	
1	133.600	-70.000	
1	133.700	-70.000	
1	133.800	-70.000	
1	133.900	-70.000	
1	134.000	-70.000	
2	133.100	-69.991	
2	133.200	-69.991	
2	133.300	-69.991	
2	133.400	-69.991	
2	133.500	-69.991	
2	133.600	-69.991	
2	133.700	-69.991	
2	133.800	-69.992	
2	133.900	-69.992	
2	134.000	-69.992	
1	134.100	-70.000	
1	134.200	-70.000	
1	134.300	-70.000	
1	134.400	-70.000	
1	134.500	-70.000	
1	134.600	-70.000	
1	134.700	-70.000	
1	134.800	-70.000	
1	134.900	-70.000	
1	135.000	-70.000	
2	134.100	-69.992	
2	134.200	-69.992	
2	134.300	-69.992	
2	134.400	-69.992	
2	134.500	-69.992	
2	134.600	-69.992	
2	134.700	-69.992	
2	134.800	-69.992	
2	134.900	-69.992	
2	135.000	-69.992	
1	135.100	-70.000	
1	135.200	-70.000	
1	135.300	-70.000	
1	135.400	-70.000	
1	135.500	-70.000	
1	135.600	-70.000	
1	135.700	-70.000	
1	135.800	-70.000	
1	135.900	-70.000	
1	136.000	-70.000	
2	135.100	-69.992	
2	135.200	-69.992	
2	135.300	-69.992	
2	135.400	-69.992	
2	135.500	-69.992	
2	135.600	-69.992	
2	135.700	-69.993	
2	135.800	-69.993	
2	135.900	-69.993	
2	136.000	-69.993	
1	136.100	-70.000	
1	136.200	-70.000	
1	136.300	-70.000	
1	136.400	-70.000	
1	136.500	-70.000	
1	136.600	-70.000	
1	136.700	-70.000	
1	136.800	-70.000	
1	136.900	-70.000	
1	137.000	-70.000	
2	136.100	-69.993	
2	136.200	-69.993	
2	136.300	-69.993	
2	136.400	-69.993	
2	136.500	-69.993	
2	136.600	-69.993	
2	136.700	-69.993	
2	136.800	-69.993	
2	136.900	-69.993	
2	137.000	-69.993	
1	137.100	-70.000	
1	137.200	-70.000	
1	137.300	-70.000	
1	137.400	-70.000	
1	137.500	-70.000	
1	137.600	-70.000	
1	137.700	-70.000	
1	137.800	-70.000	
1	137.900	-70.000	
1	138.000	-70.000	
2	137.100	-69.993	
2	137.200	-69.993	
2	137.300	-69.993	
2	137.400	-69.993	
2	137.500	-69.993	
2	137.600	-69.993	
2	137.700	-69.993	
2	137.800	-69.994	
2	137.900	-69.994	
2	138.000	-69.994	
1	138.100	-70.000	
1	138.200	-70.000	
1	138.300	-70.000	
1	138.400	-70.000	
1	138.500	-70.000	
1	138.600	-70.000	
1	138.700	-70.000	
1	138.800	-70.000	
1	138.900	-70.000	
1	139.000	-70.000	
2	138.100	-69.994	
2	138.200	-69.994	
2	138.300	-69.994	
2	138.400	-69.994	
2	138.500	-69.994	
2	138.600	-69.994	
2	138.700	-69.994	
2	138.800	-69.994	
2	138.900	-69.994	
2	139.000	-69.994	
1	139.100	-70.000	
1	139.200	-70.000	
1	139.300	-70.000	
1	139.400	-70.000	
1	139.500	-70.000	
1	139.600	-70.000	
1	139.700	-70.000	
1	139.800	-70.000	
1	139.900	-70.000	
1	140.000	-70.000	
2	139.100	-69.994	
2	139.200	-69.994	
2	139.300	-69.994	
2	139.400	-69.994	
2	139.500	-69.994	
2	139.600	-69.994	
2	139.700	-69.994	
2	139.800	-69.994	
2	139.900	-69.994	
2	140.000	-69.994	
1	140.100	-70.000	
1	140.200	-70.000	
1	140.300	-70.000	
1	140.400	-70.000	
1	140.500	-70.000	
1	140.600	-70.000	
1	140.700	-70.000	
1	140.800	-70.000	
1	140.900	-70.000	
1	141.000	-70.000	
2	140.100	-69.994	
2	140.200	-69.994	
2	140.300	-69.995	
2	140.400	-69.995	
2	140.500	-69.995	
2	140.600	-69.995	
2	140.700	-69.995	
2	140.800	-69.995	
2	140.900	-69.995	
2	141.000	-69.995	
1	141.100	-70.000	
1	141.200	-70.000	
1	141.300	-70.000	
1	141.400	-70.000	
1	141.500	-70.000	
1	141.600	-70.000	
1	141.700	-70.000	
1	141.800	-70.000	
1	141.900	-70.000	
1	142.000	-70.000	
2	141.100	-69.995	
2	141.200	-69.995	
2	141.300	-69.995	
2	141.400	-69.995	
2	141.500	-69.995	
2	141.600	-69.995	
2	141.700	-69.995	
2	141.800	-69.995	
2	141.900	-69.995	
2	142.000	-69.995	
1	142.100	-70.000	
1	142.200	-70.000	
1	142.300	-70.000	
1	142.400	-70.000	
1	142.500	-70.000	
1	142.600	-70.000	
1	142.700	-70.000	
1	142.800	-70.000	
1	142.900	-70.000	
1	143.000	-70.000	
2	142.100	-69.995	
2	142.200	-69.995	
2	142.300	-69.995	
2	142.400	-69.995	
2	142.500	-69.995	
2	142.600	-69.995	
2	142.700	-69.995	
2	142.800	-69.995	
2	142.900	-69.995	
2	143.000	-69.995	
1	143.100	-70.000	
1	143.200	-70.000	
1	143.300	-70.000	
1	143.400	-70.000	
1	143.500	-70.000	
1	143.600	-70.000	
1	143.700	-70.000	
1	143.800	-70.000	
1	143.900	-70.000	
1	144.000	-70.000	
2	143.100	-69.995	
2	143.200	-69.995	
2	143.300	-69.996	
2	143.400	-69.996	
2	143.500	-69.996	
2	143.600	-69.996	
2	143.700	-69.996	
2	143.800	-69.996	
2	143.900	-69.996	
2	144.000	-69.996	
1	144.100	-70.000	
1	144.200	-70.000	
1	144.300	-70.000	
1	144.400	-70.000	
1	144.500	-70.000	
1	144.600	-70.000	
1	144.700	-70.000	
1	144.800	-70.000	
1	144.900	-70.000	
1	145.000	-70.000	
2	144.100	-69.996	
2	144.200	-69.996	
2	144.300	-69.996	
2	144.400	-69.996	
2	144.500	-69.996	
2	144.600	-69.996	
2	144.700	-69.996	
2	144.800	-69.996	
2	144.900	-69.996	
2	145.000	-69.996	
1	145.100	-70.000	
1	145.200	-70.000	
1	145.300	-70.000	
1	145.400	-70.000	
1	145.500	-70.000	
1	145.600	-70.000	
1	145.700	-70.000	
1	145.800	-70.000	
1	145.900	-70.000	
1	146.000	-70.000	
2	145.100	-69.996	
2	145.200	-69.996	
2	145.300	-69.996	
2	145.400	-69.996	
2	145.500	-69.996	
2	145.600	-69.996	
2	145.700	-69.996	
2	145.800	-69.996	
2	145.900	-69.996	
2	146.000	-69.996	
1	146.100	-70.000	
1	146.200	-70.000	
1	146.300	-70.000	
1	146.400	-70.000	
1	146.500	-70.000	
1	146.600	-70.000	
1	146.700	-70.000	
1	146.800	-70.000	
1	146.900	-70.000	
1	147.000	-70.000	
2	146.100	-69.996	
2	146.200	-69.996	
2	146.300	-69.996	
2	146.400	-69.996	
2	146.500	-69.996	
2	146.600	-69.996	
2	146.700	-69.996	
2	146.800	-69.996	
2	146.900	-69.996	
2	147.000	-69.996	
1	147.100	-70.000	
1	147.200	-70.000	
1	147.300	-70.000	
1	147.400	-70.000	
1	147.500	-70.000	
1	147.600	-70.000	
1	147.700	-70.000	
1	147.800	-70.000	
1	147.900	-70.000	
1	148.000	-70.000	
2	147.100	-69.997	
2	147.200	-69.997	
2	147.300	-69.997	
2	147.400	-69.997	
2	147.500	-69.997	
2	147.600	-69.997	
2	147.700	-69.997	
2	147.800	-69.997	
2	147.900	-69.997	
2	148.000	-69.997	
1	148.100	-70.000	
1	148.200	-70.000	
1	148.300	-70.000	
1	148.400	-70.000	
1	148.500	-70.000	
1	148.600	-70.000	
1	148.700	-70.000	
1	148.800	-70.000	
1	148.900	-70.000	
1	149.000	-70.000	
2	148.100	-69.997	
2	148.200	-69.997	
2	148.300	-69.997	
2	148.400	-69.997	
2	148.500	-69.997	
2	148.600	-69.997	
2	148.700	-69.997	
2	148.800	-69.997	
2	148.900	-69.997	
2	149.000	-69.997	
